id,strip,curvestart,month,nj_total_cost_per_mwh_amount,nj_solar_percent,nj_solar_amount,nj_class_i_percent,nj_class_i_amount,nj_class_ii_percent,nj_class_ii_amount,oh_total_cost_per_mwh_amount,oh_solar_percent,oh_solar_in_state_amount,oh_solar_adj_amount,oh_recs_percent,oh_in_state_amount,oh_adj_amount,pa_total_cost_per_mwh_amount,pa_solar_percent,pa_solar_amount,pa_tier_i_percent,pa_tier_i_amount,pa_tier_ii_percent,pa_tier_ii_amount,md_total_cost_per_mwh_amount,md_solar_percent,md_solar_amount,md_tier_i_percent,md_tier_i_amount,md_tier_ii_percent,md_tier_ii_amount,dc_total_cost_per_mwh_amount,dc_solar_percent,dc_solar_amount,dc_tier_i_percent,dc_tier_i_amount,dc_tier_ii_percent,dc_tier_ii_amount,de_total_cost_per_mwh_amount,de_solar_percent,de_solar_amount,de_recs_percent,de_rec_amount,il_total_cost_per_mwh_amount,il_per_o_load_covered_by_supplier_vs_utility_percent,il_total_standard_percent,il_solar_percent,il_solar_amount,il_wind_percent,il_wind_amount,il_acp_percent,il_acp_amount
457,7x24,2023-03-17 12:09:01+00:00,2012-01-01 00:00:00+00:00,4.8164,0.0039,170.0,0.0549,16.0,0.025,11.0,0.0762,0.0006,40.0,14.0,0.015,5.5,2.5,0.5805,0.000325,60.0,0.035,16.0,0.062,0.1,0.46195,0.001,120.0,0.064,5.05,0.025,0.75,2.1875,0.005,405.0,0.05,2.0,0.025,2.5,0.483,0.002,35.0,0.07,5.9,0.0473,1.0,0.06,0.0,25.0,0.036,1.05,0.5,0.0568
458,7x24,2023-03-17 12:09:01+00:00,2012-02-01 00:00:00+00:00,4.8164,0.0039,170.0,0.0549,16.0,0.025,11.0,0.0762,0.0006,40.0,14.0,0.015,5.5,2.5,0.5805,0.000325,60.0,0.035,16.0,0.062,0.1,0.0,0.0,0.0,0.0,0.0,0.0,0.0,2.1875,0.005,405.0,0.05,2.0,0.025,2.5,0.483,0.002,35.0,0.07,5.9,0.0473,1.0,0.06,0.0,25.0,0.036,1.05,0.5,0.0568
459,7x24,2023-03-17 12:09:01+00:00,2012-03-01 00:00:00+00:00,4.8164,0.0039,170.0,0.0549,16.0,0.025,11.0,0.0762,0.0006,40.0,14.0,0.015,5.5,2.5,0.5805,0.000325,60.0,0.035,16.0,0.062,0.1,0.0,0.0,0.0,0.0,0.0,0.0,0.0,2.1875,0.005,405.0,0.05,2.0,0.025,2.5,0.483,0.002,35.0,0.07,5.9,0.0473,1.0,0.06,0.0,25.0,0.036,1.05,0.5,0.0568
460,7x24,2023-03-17 12:09:01+00:00,2012-04-01 00:00:00+00:00,4.8164,0.0039,170.0,0.0549,16.0,0.025,11.0,0.0762,0.0006,40.0,14.0,0.015,5.5,2.5,0.5805,0.000325,60.0,0.035,16.0,0.062,0.1,0.0,0.0,0.0,0.0,0.0,0.0,0.0,2.1875,0.005,405.0,0.05,2.0,0.025,2.5,0.483,0.002,35.0,0.07,5.9,0.0473,1.0,0.06,0.0,25.0,0.036,1.05,0.5,0.0568
461,7x24,2023-03-17 12:09:01+00:00,2012-05-01 00:00:00+00:00,4.8164,0.0039,170.0,0.0549,16.0,0.025,11.0,0.0762,0.0006,40.0,14.0,0.015,5.5,2.5,0.5805,0.000325,60.0,0.035,16.0,0.062,0.1,0.0,0.0,0.0,0.0,0.0,0.0,0.0,2.1875,0.005,405.0,0.05,2.0,0.025,2.5,0.483,0.002,35.0,0.07,5.9,0.0473,1.0,0.06,0.0,25.0,0.036,1.05,0.5,0.0568
462,7x24,2023-03-17 12:09:01+00:00,2012-06-01 00:00:00+00:00,2.2062,0.005,184.0,0.0632,16.0,0.025,11.0,0.0762,0.0006,40.0,14.0,0.015,5.5,2.5,0.66864,0.00051,60.0,0.04,16.0,0.062,0.1,0.0,0.0,0.0,0.0,0.0,0.0,0.0,2.1875,0.005,405.0,0.05,2.0,0.025,2.5,1.4775,0.004,40.0,0.085,15.5,0.51245,1.0,0.07,0.0,140.0,0.042,1.25,0.5,0.9724
463,7x24,2023-03-17 12:09:01+00:00,2012-07-01 00:00:00+00:00,2.2062,0.005,184.0,0.0632,16.0,0.025,11.0,0.0762,0.0006,40.0,14.0,0.015,5.5,2.5,0.66864,0.00051,60.0,0.04,16.0,0.062,0.1,0.0,0.0,0.0,0.0,0.0,0.0,0.0,2.1875,0.005,405.0,0.05,2.0,0.025,2.5,1.4775,0.004,40.0,0.085,15.5,0.51245,1.0,0.07,0.0,140.0,0.042,1.25,0.5,0.9724
464,7x24,2023-03-17 12:09:01+00:00,2012-08-01 00:00:00+00:00,2.2062,0.005,184.0,0.0632,16.0,0.025,11.0,0.0762,0.0006,40.0,14.0,0.015,5.5,2.5,0.66864,0.00051,60.0,0.04,16.0,0.062,0.1,0.0,0.0,0.0,0.0,0.0,0.0,0.0,2.1875,0.005,405.0,0.05,2.0,0.025,2.5,1.4775,0.004,40.0,0.085,15.5,0.51245,1.0,0.07,0.0,140.0,0.042,1.25,0.5,0.9724
465,7x24,2023-03-17 12:09:01+00:00,2012-09-01 00:00:00+00:00,2.2062,0.005,184.0,0.0632,16.0,0.025,11.0,0.0762,0.0006,40.0,14.0,0.015,5.5,2.5,0.66864,0.00051,60.0,0.04,16.0,0.062,0.1,0.0,0.0,0.0,0.0,0.0,0.0,0.0,2.1875,0.005,405.0,0.05,2.0,0.025,2.5,1.4775,0.004,40.0,0.085,15.5,0.51245,1.0,0.07,0.0,140.0,0.042,1.25,0.5,0.9724
466,7x24,2023-03-17 12:09:01+00:00,2012-10-01 00:00:00+00:00,2.2062,0.005,184.0,0.0632,16.0,0.025,11.0,0.0762,0.0006,40.0,14.0,0.015,5.5,2.5,0.66864,0.00051,60.0,0.04,16.0,0.062,0.1,0.0,0.0,0.0,0.0,0.0,0.0,0.0,2.1875,0.005,405.0,0.05,2.0,0.025,2.5,1.4775,0.004,40.0,0.085,15.5,0.51245,1.0,0.07,0.0,140.0,0.042,1.25,0.5,0.9724
467,7x24,2023-03-17 12:09:01+00:00,2012-11-01 00:00:00+00:00,2.2062,0.005,184.0,0.0632,16.0,0.025,11.0,0.0762,0.0006,40.0,14.0,0.015,5.5,2.5,0.66864,0.00051,60.0,0.04,16.0,0.062,0.1,0.0,0.0,0.0,0.0,0.0,0.0,0.0,2.1875,0.005,405.0,0.05,2.0,0.025,2.5,1.4775,0.004,40.0,0.085,15.5,0.51245,1.0,0.07,0.0,140.0,0.042,1.25,0.5,0.9724
468,7x24,2023-03-17 12:09:01+00:00,2012-12-01 00:00:00+00:00,2.2062,0.005,184.0,0.0632,16.0,0.025,11.0,0.0762,0.0006,40.0,14.0,0.015,5.5,2.5,0.66864,0.00051,60.0,0.04,16.0,0.062,0.1,0.0,0.0,0.0,0.0,0.0,0.0,0.0,2.1875,0.005,405.0,0.05,2.0,0.025,2.5,1.4775,0.004,40.0,0.085,15.5,0.51245,1.0,0.07,0.0,140.0,0.042,1.25,0.5,0.9724
469,7x24,2023-03-17 12:09:01+00:00,2013-01-01 00:00:00+00:00,2.2062,0.005,184.0,0.0632,16.0,0.025,11.0,0.2105,0.0009,45.0,45.0,0.02,8.5,8.5,0.66864,0.00051,60.0,0.04,16.0,0.062,0.1,0.0,0.0,0.0,0.0,0.0,0.0,0.0,2.5265,0.005,490.0,0.065,0.85,0.025,0.85,1.4775,0.004,40.0,0.085,15.5,0.5135,1.0,0.07,0.0,140.0,0.042,1.3,0.5,0.9724
470,7x24,2023-03-17 12:09:01+00:00,2013-02-01 00:00:00+00:00,2.2062,0.005,184.0,0.0632,16.0,0.025,11.0,0.2105,0.0009,45.0,45.0,0.02,8.5,8.5,0.66864,0.00051,60.0,0.04,16.0,0.062,0.1,0.0,0.0,0.0,0.0,0.0,0.0,0.0,2.5265,0.005,490.0,0.065,0.85,0.025,0.85,1.4775,0.004,40.0,0.085,15.5,0.51035,1.0,0.07,0.0,140.0,0.042,1.15,0.5,0.9724
471,7x24,2023-03-17 12:09:01+00:00,2013-03-01 00:00:00+00:00,2.2062,0.005,184.0,0.0632,16.0,0.025,11.0,0.2105,0.0009,45.0,45.0,0.02,8.5,8.5,0.66864,0.00051,60.0,0.04,16.0,0.062,0.1,0.0,0.0,0.0,0.0,0.0,0.0,0.0,2.5265,0.005,490.0,0.065,0.85,0.025,0.85,1.4775,0.004,40.0,0.085,15.5,0.51035,1.0,0.07,0.0,140.0,0.042,1.15,0.5,0.9724
472,7x24,2023-03-17 12:09:01+00:00,2013-04-01 00:00:00+00:00,2.2062,0.005,184.0,0.0632,16.0,0.025,11.0,0.2105,0.0009,45.0,45.0,0.02,8.5,8.5,0.66864,0.00051,60.0,0.04,16.0,0.062,0.1,0.0,0.0,0.0,0.0,0.0,0.0,0.0,2.5265,0.005,490.0,0.065,0.85,0.025,0.85,1.4775,0.004,40.0,0.085,15.5,0.51035,1.0,0.07,0.0,140.0,0.042,1.15,0.5,0.9724
473,7x24,2023-03-17 12:09:01+00:00,2013-05-01 00:00:00+00:00,2.2062,0.005,184.0,0.0632,16.0,0.025,11.0,0.2105,0.0009,45.0,45.0,0.02,8.5,8.5,0.66864,0.00051,60.0,0.04,16.0,0.062,0.1,0.0,0.0,0.0,0.0,0.0,0.0,0.0,2.5265,0.005,490.0,0.065,0.85,0.025,0.85,1.4775,0.004,40.0,0.085,15.5,0.51035,1.0,0.07,0.0,140.0,0.042,1.15,0.5,0.9724
474,7x24,2023-03-17 12:09:01+00:00,2013-06-01 00:00:00+00:00,6.0227,0.0205,227.0,0.0714,15.5,0.025,10.5,0.2105,0.0009,45.0,45.0,0.02,8.5,8.5,0.73688,0.00084,55.0,0.045,15.5,0.062,0.1,0.0,0.0,0.0,0.0,0.0,0.0,0.0,2.5265,0.005,490.0,0.065,0.85,0.025,0.85,2.2,0.006,50.0,0.1,19.0,0.81655,1.0,0.08,0.0,140.0,0.048,0.85,0.5,1.5923
475,7x24,2023-03-17 12:09:01+00:00,2013-07-01 00:00:00+00:00,6.0227,0.0205,227.0,0.0714,15.5,0.025,10.5,0.2105,0.0009,45.0,45.0,0.02,8.5,8.5,0.73688,0.00084,55.0,0.045,15.5,0.062,0.1,0.0,0.0,0.0,0.0,0.0,0.0,0.0,2.5265,0.005,490.0,0.065,0.85,0.025,0.85,2.2,0.006,50.0,0.1,19.0,0.81655,1.0,0.08,0.0,140.0,0.048,0.85,0.5,1.5923
476,7x24,2023-03-17 12:09:01+00:00,2013-08-01 00:00:00+00:00,6.0227,0.0205,227.0,0.0714,15.5,0.025,10.5,0.2105,0.0009,45.0,45.0,0.02,8.5,8.5,0.73688,0.00084,55.0,0.045,15.5,0.062,0.1,0.0,0.0,0.0,0.0,0.0,0.0,0.0,2.5265,0.005,490.0,0.065,0.85,0.025,0.85,2.2,0.006,50.0,0.1,19.0,0.81655,1.0,0.08,0.0,140.0,0.048,0.85,0.5,1.5923
477,7x24,2023-03-17 12:09:01+00:00,2013-09-01 00:00:00+00:00,6.0227,0.0205,227.0,0.0714,15.5,0.025,10.5,0.2105,0.0009,45.0,45.0,0.02,8.5,8.5,0.73688,0.00084,55.0,0.045,15.5,0.062,0.1,0.0,0.0,0.0,0.0,0.0,0.0,0.0,2.5265,0.005,490.0,0.065,0.85,0.025,0.85,2.2,0.006,50.0,0.1,19.0,0.81655,1.0,0.08,0.0,140.0,0.048,0.85,0.5,1.5923
478,7x24,2023-03-17 12:09:01+00:00,2013-10-01 00:00:00+00:00,6.0227,0.0205,227.0,0.0714,15.5,0.025,10.5,0.2105,0.0009,45.0,45.0,0.02,8.5,8.5,0.73688,0.00084,55.0,0.045,15.5,0.062,0.1,0.0,0.0,0.0,0.0,0.0,0.0,0.0,2.5265,0.005,490.0,0.065,0.85,0.025,0.85,2.2,0.006,50.0,0.1,19.0,0.81655,1.0,0.08,0.0,140.0,0.048,0.85,0.5,1.5923
479,7x24,2023-03-17 12:09:01+00:00,2013-11-01 00:00:00+00:00,6.0227,0.0205,227.0,0.0714,15.5,0.025,10.5,0.2105,0.0009,45.0,45.0,0.02,8.5,8.5,0.73688,0.00084,55.0,0.045,15.5,0.062,0.1,0.0,0.0,0.0,0.0,0.0,0.0,0.0,2.5265,0.005,490.0,0.065,0.85,0.025,0.85,2.2,0.006,50.0,0.1,19.0,0.81655,1.0,0.08,0.0,140.0,0.048,0.85,0.5,1.5923
480,7x24,2023-03-17 12:09:01+00:00,2013-12-01 00:00:00+00:00,6.0227,0.0205,227.0,0.0714,15.5,0.025,10.5,0.2105,0.0009,45.0,45.0,0.02,8.5,8.5,0.73688,0.00084,55.0,0.045,15.5,0.062,0.1,0.0,0.0,0.0,0.0,0.0,0.0,0.0,2.5265,0.005,490.0,0.065,0.85,0.025,0.85,2.2,0.006,50.0,0.1,19.0,0.81655,1.0,0.08,0.0,140.0,0.048,0.85,0.5,1.5923
481,7x24,2023-03-17 12:09:01+00:00,2014-01-01 00:00:00+00:00,6.03295,0.0205,227.5,0.0714,15.5,0.025,10.5,0.164,0.0012,32.5,32.5,0.025,5.0,5.0,0.73688,0.00084,55.0,0.045,15.5,0.062,0.1,0.0,0.0,0.0,0.0,0.0,0.0,0.0,3.05925,0.006,495.0,0.08,0.85,0.025,0.85,2.2,0.006,50.0,0.1,19.0,0.83095,1.0,0.08,0.0,140.0,0.048,1.45,0.5,1.5923
482,7x24,2023-03-17 12:09:01+00:00,2014-02-01 00:00:00+00:00,6.03295,0.0205,227.5,0.0714,15.5,0.025,10.5,0.164,0.0012,32.5,32.5,0.025,5.0,5.0,0.73688,0.00084,55.0,0.045,15.5,0.062,0.1,0.0,0.0,0.0,0.0,0.0,0.0,0.0,3.02925,0.006,490.0,0.08,0.85,0.025,0.85,2.2,0.006,50.0,0.1,19.0,0.83095,1.0,0.08,0.0,140.0,0.048,1.45,0.5,1.5923
483,7x24,2023-03-17 12:09:01+00:00,2014-03-01 00:00:00+00:00,6.03295,0.0205,227.5,0.0714,15.5,0.025,10.5,0.164,0.0012,32.5,32.5,0.025,5.0,5.0,0.73688,0.00084,55.0,0.045,15.5,0.062,0.1,0.0,0.0,0.0,0.0,0.0,0.0,0.0,3.02925,0.006,490.0,0.08,0.85,0.025,0.85,2.2,0.006,50.0,0.1,19.0,0.83095,1.0,0.08,0.0,140.0,0.048,1.45,0.5,1.5923
484,7x24,2023-03-17 12:09:01+00:00,2014-04-01 00:00:00+00:00,6.03295,0.0205,227.5,0.0714,15.5,0.025,10.5,0.164,0.0012,32.5,32.5,0.025,5.0,5.0,0.73688,0.00084,55.0,0.045,15.5,0.062,0.1,0.0,0.0,0.0,0.0,0.0,0.0,0.0,3.02925,0.006,490.0,0.08,0.85,0.025,0.85,2.2,0.006,50.0,0.1,19.0,0.83095,1.0,0.08,0.0,140.0,0.048,1.45,0.5,1.5923
485,7x24,2023-03-17 12:09:01+00:00,2014-05-01 00:00:00+00:00,6.03295,0.0205,227.5,0.0714,15.5,0.025,10.5,0.164,0.0012,32.5,32.5,0.025,5.0,5.0,0.73688,0.00084,55.0,0.045,15.5,0.062,0.1,0.0,0.0,0.0,0.0,0.0,0.0,0.0,3.02925,0.006,490.0,0.08,0.85,0.025,0.85,2.2,0.006,50.0,0.1,19.0,0.83095,1.0,0.08,0.0,140.0,0.048,1.45,0.5,1.5923
486,7x24,2023-03-17 12:09:01+00:00,2014-06-01 00:00:00+00:00,6.0962,0.0205,231.0,0.0798,15.25,0.025,5.75,0.164,0.0012,32.5,32.5,0.025,5.0,5.0,0.76154,0.00144,20.0,0.05,15.0,0.062,0.07,0.0,0.0,0.0,0.0,0.0,0.0,0.0,3.02925,0.006,490.0,0.08,0.85,0.025,0.85,2.285,0.008,70.0,0.115,15.0,0.9769,1.0,0.09,0.0,140.0,0.054,1.15,0.5,1.8917
487,7x24,2023-03-17 12:09:01+00:00,2014-07-01 00:00:00+00:00,6.0962,0.0205,231.0,0.0798,15.25,0.025,5.75,0.164,0.0012,32.5,32.5,0.025,5.0,5.0,0.76154,0.00144,20.0,0.05,15.0,0.062,0.07,0.0,0.0,0.0,0.0,0.0,0.0,0.0,3.02925,0.006,490.0,0.08,0.85,0.025,0.85,2.285,0.008,70.0,0.115,15.0,0.9769,1.0,0.09,0.0,140.0,0.054,1.15,0.5,1.8917
488,7x24,2023-03-17 12:09:01+00:00,2014-08-01 00:00:00+00:00,6.0962,0.0205,231.0,0.0798,15.25,0.025,5.75,0.164,0.0012,32.5,32.5,0.025,5.0,5.0,0.76154,0.00144,20.0,0.05,15.0,0.062,0.07,0.0,0.0,0.0,0.0,0.0,0.0,0.0,3.02925,0.006,490.0,0.08,0.85,0.025,0.85,2.285,0.008,70.0,0.115,15.0,0.9769,1.0,0.09,0.0,140.0,0.054,1.15,0.5,1.8917
489,7x24,2023-03-17 12:09:01+00:00,2014-09-01 00:00:00+00:00,6.0962,0.0205,231.0,0.0798,15.25,0.025,5.75,0.164,0.0012,32.5,32.5,0.025,5.0,5.0,0.76154,0.00144,20.0,0.05,15.0,0.062,0.07,0.0,0.0,0.0,0.0,0.0,0.0,0.0,3.02925,0.006,490.0,0.08,0.85,0.025,0.85,2.285,0.008,70.0,0.115,15.0,0.9769,1.0,0.09,0.0,140.0,0.054,1.15,0.5,1.8917
490,7x24,2023-03-17 12:09:01+00:00,2014-10-01 00:00:00+00:00,6.0962,0.0205,231.0,0.0798,15.25,0.025,5.75,0.164,0.0012,32.5,32.5,0.025,5.0,5.0,0.76154,0.00144,20.0,0.05,15.0,0.062,0.07,0.0,0.0,0.0,0.0,0.0,0.0,0.0,3.02925,0.006,490.0,0.08,0.85,0.025,0.85,2.285,0.008,70.0,0.115,15.0,0.9769,1.0,0.09,0.0,140.0,0.054,1.15,0.5,1.8917
491,7x24,2023-03-17 12:09:01+00:00,2014-11-01 00:00:00+00:00,6.0962,0.0205,231.0,0.0798,15.25,0.025,5.75,0.164,0.0012,32.5,32.5,0.025,5.0,5.0,0.76154,0.00144,20.0,0.05,15.0,0.062,0.07,0.0,0.0,0.0,0.0,0.0,0.0,0.0,3.02925,0.006,490.0,0.08,0.85,0.025,0.85,2.285,0.008,70.0,0.115,15.0,0.9769,1.0,0.09,0.0,140.0,0.054,1.15,0.5,1.8917
492,7x24,2023-03-17 12:09:01+00:00,2014-12-01 00:00:00+00:00,6.0962,0.0205,231.0,0.0798,15.25,0.025,5.75,0.164,0.0012,32.5,32.5,0.025,5.0,5.0,0.76154,0.00144,20.0,0.05,15.0,0.062,0.07,0.0,0.0,0.0,0.0,0.0,0.0,0.0,3.02925,0.006,490.0,0.08,0.85,0.025,0.85,2.285,0.008,70.0,0.115,15.0,0.9769,1.0,0.09,0.0,140.0,0.054,1.15,0.5,1.8917
493,7x24,2023-03-17 12:09:01+00:00,2015-01-01 00:00:00+00:00,6.34055,0.0205,240.0,0.0798,16.0,0.025,5.75,0.0901,0.0012,23.0,23.0,0.025,2.5,2.5,0.76154,0.00144,20.0,0.05,15.0,0.062,0.07,0.0,0.0,0.0,0.0,0.0,0.0,0.0,3.565,0.007,490.0,0.095,1.25,0.025,0.65,2.285,0.008,70.0,0.115,15.0,0.9877,1.0,0.09,0.0,140.0,0.054,1.55,0.5,1.8917
494,7x24,2023-03-17 12:09:01+00:00,2015-02-01 00:00:00+00:00,6.34055,0.0205,240.0,0.0798,16.0,0.025,5.75,0.0901,0.0012,23.0,23.0,0.025,2.5,2.5,0.76154,0.00144,20.0,0.05,15.0,0.062,0.07,0.0,0.0,0.0,0.0,0.0,0.0,0.0,3.565,0.007,490.0,0.095,1.25,0.025,0.65,2.285,0.008,70.0,0.115,15.0,0.9877,1.0,0.09,0.0,140.0,0.054,1.55,0.5,1.8917
495,7x24,2023-03-17 12:09:01+00:00,2015-03-01 00:00:00+00:00,6.34055,0.0205,240.0,0.0798,16.0,0.025,5.75,0.0901,0.0012,23.0,23.0,0.025,2.5,2.5,0.76154,0.00144,20.0,0.05,15.0,0.062,0.07,0.0,0.0,0.0,0.0,0.0,0.0,0.0,3.565,0.007,490.0,0.095,1.25,0.025,0.65,2.285,0.008,70.0,0.115,15.0,0.9877,1.0,0.09,0.0,140.0,0.054,1.55,0.5,1.8917
496,7x24,2023-03-17 12:09:01+00:00,2015-04-01 00:00:00+00:00,6.34055,0.0205,240.0,0.0798,16.0,0.025,5.75,0.0901,0.0012,23.0,23.0,0.025,2.5,2.5,0.76154,0.00144,20.0,0.05,15.0,0.062,0.07,0.0,0.0,0.0,0.0,0.0,0.0,0.0,3.565,0.007,490.0,0.095,1.25,0.025,0.65,2.285,0.008,70.0,0.115,15.0,0.9877,1.0,0.09,0.0,140.0,0.054,1.55,0.5,1.8917
497,7x24,2023-03-17 12:09:01+00:00,2015-05-01 00:00:00+00:00,6.34055,0.0205,240.0,0.0798,16.0,0.025,5.75,0.0901,0.0012,23.0,23.0,0.025,2.5,2.5,0.76154,0.00144,20.0,0.05,15.0,0.062,0.07,0.0,0.0,0.0,0.0,0.0,0.0,0.0,3.565,0.007,490.0,0.095,1.25,0.025,0.65,2.285,0.008,70.0,0.115,15.0,0.9877,1.0,0.09,0.0,140.0,0.054,1.55,0.5,1.8917
498,7x24,2023-03-17 12:09:01+00:00,2015-06-01 00:00:00+00:00,8.19345,0.0245,290.0,0.0881,12.0,0.025,1.25,0.0901,0.0012,23.0,23.0,0.025,2.5,2.5,0.6707,0.0025,13.0,0.055,12.0,0.082,0.1,0.0,0.0,0.0,0.0,0.0,0.0,0.0,3.565,0.007,490.0,0.095,1.25,0.025,0.65,1.88,0.01,32.0,0.13,12.0,1.41235,1.0,0.1,0.006,140.0,0.06,1.55,0.5,1.8917
499,7x24,2023-03-17 12:09:01+00:00,2015-07-01 00:00:00+00:00,8.19345,0.0245,290.0,0.0881,12.0,0.025,1.25,0.0901,0.0012,23.0,23.0,0.025,2.5,2.5,0.6707,0.0025,13.0,0.055,12.0,0.082,0.1,0.0,0.0,0.0,0.0,0.0,0.0,0.0,3.565,0.007,490.0,0.095,1.25,0.025,0.65,1.88,0.01,32.0,0.13,12.0,1.41235,1.0,0.1,0.006,140.0,0.06,1.55,0.5,1.8917
500,7x24,2023-03-17 12:09:01+00:00,2015-08-01 00:00:00+00:00,8.19345,0.0245,290.0,0.0881,12.0,0.025,1.25,0.0901,0.0012,23.0,23.0,0.025,2.5,2.5,0.6707,0.0025,13.0,0.055,12.0,0.082,0.1,0.0,0.0,0.0,0.0,0.0,0.0,0.0,3.565,0.007,490.0,0.095,1.25,0.025,0.65,1.88,0.01,32.0,0.13,12.0,1.41235,1.0,0.1,0.006,140.0,0.06,1.55,0.5,1.8917
501,7x24,2023-03-17 12:09:01+00:00,2015-09-01 00:00:00+00:00,8.19345,0.0245,290.0,0.0881,12.0,0.025,1.25,0.0901,0.0012,23.0,23.0,0.025,2.5,2.5,0.6707,0.0025,13.0,0.055,12.0,0.082,0.1,0.0,0.0,0.0,0.0,0.0,0.0,0.0,3.565,0.007,490.0,0.095,1.25,0.025,0.65,1.88,0.01,32.0,0.13,12.0,1.41235,1.0,0.1,0.006,140.0,0.06,1.55,0.5,1.8917
502,7x24,2023-03-17 12:09:01+00:00,2015-10-01 00:00:00+00:00,8.19345,0.0245,290.0,0.0881,12.0,0.025,1.25,0.0901,0.0012,23.0,23.0,0.025,2.5,2.5,0.6707,0.0025,13.0,0.055,12.0,0.082,0.1,0.0,0.0,0.0,0.0,0.0,0.0,0.0,3.565,0.007,490.0,0.095,1.25,0.025,0.65,1.88,0.01,32.0,0.13,12.0,1.41235,1.0,0.1,0.006,140.0,0.06,1.55,0.5,1.8917
503,7x24,2023-03-17 12:09:01+00:00,2015-11-01 00:00:00+00:00,8.19345,0.0245,290.0,0.0881,12.0,0.025,1.25,0.0901,0.0012,23.0,23.0,0.025,2.5,2.5,0.6707,0.0025,13.0,0.055,12.0,0.082,0.1,0.46195,0.001,120.0,0.064,5.05,0.025,0.75,3.565,0.007,490.0,0.095,1.25,0.025,0.65,1.88,0.01,32.0,0.13,12.0,1.41235,1.0,0.1,0.006,140.0,0.06,1.55,0.5,1.8917
504,7x24,2023-03-17 12:09:01+00:00,2015-12-01 00:00:00+00:00,8.19345,0.0245,290.0,0.0881,12.0,0.025,1.25,0.0901,0.0012,23.0,23.0,0.025,2.5,2.5,0.6707,0.0025,13.0,0.055,12.0,0.082,0.1,0.46195,0.001,120.0,0.064,5.05,0.025,0.75,3.565,0.007,490.0,0.095,1.25,0.025,0.65,1.88,0.01,32.0,0.13,12.0,1.41235,1.0,0.1,0.006,140.0,0.06,1.55,0.5,1.8917
505,7x24,2023-03-17 12:09:01+00:00,2016-01-01 00:00:00+00:00,8.19345,0.0245,290.0,0.0881,12.0,0.025,1.25,0.0419,0.0012,12.0,12.0,0.025,1.1,1.1,0.6707,0.0025,13.0,0.055,12.0,0.082,0.1,0.46195,0.001,120.0,0.064,5.05,0.025,0.75,4.51875,0.00825,500.0,0.115,3.25,0.02,1.0,1.88,0.01,32.0,0.13,12.0,1.8917,1.0,0.1,0.006,140.0,0.06,1.55,0.5,1.8917
506,7x24,2023-03-17 12:09:01+00:00,2016-02-01 00:00:00+00:00,8.19345,0.0245,290.0,0.0881,12.0,0.025,1.25,0.0419,0.0012,12.0,12.0,0.025,1.1,1.1,0.6707,0.0025,13.0,0.055,12.0,0.082,0.1,0.46195,0.001,120.0,0.064,5.05,0.025,0.75,4.51875,0.00825,500.0,0.115,3.25,0.02,1.0,1.88,0.01,32.0,0.13,12.0,1.8917,1.0,0.1,0.006,140.0,0.06,1.55,0.5,1.8917
507,7x24,2023-03-17 12:09:01+00:00,2016-03-01 00:00:00+00:00,8.19345,0.0245,290.0,0.0881,12.0,0.025,1.25,0.0419,0.0012,12.0,12.0,0.025,1.1,1.1,0.6707,0.0025,13.0,0.055,12.0,0.082,0.1,0.46195,0.001,120.0,0.064,5.05,0.025,0.75,4.51875,0.00825,500.0,0.115,3.25,0.02,1.0,1.88,0.01,32.0,0.13,12.0,1.8917,1.0,0.1,0.006,140.0,0.06,1.55,0.5,1.8917
508,7x24,2023-03-17 12:09:01+00:00,2016-04-01 00:00:00+00:00,8.19345,0.0245,290.0,0.0881,12.0,0.025,1.25,0.0419,0.0012,12.0,12.0,0.025,1.1,1.1,0.6707,0.0025,13.0,0.055,12.0,0.082,0.1,0.46195,0.001,120.0,0.064,5.05,0.025,0.75,4.51875,0.00825,500.0,0.115,3.25,0.02,1.0,1.88,0.01,32.0,0.13,12.0,1.8917,1.0,0.1,0.006,140.0,0.06,1.55,0.5,1.8917
509,7x24,2023-03-17 12:09:01+00:00,2016-05-01 00:00:00+00:00,8.19345,0.0245,290.0,0.0881,12.0,0.025,1.25,0.0419,0.0012,12.0,12.0,0.025,1.1,1.1,0.6707,0.0025,13.0,0.055,12.0,0.082,0.1,0.46195,0.001,120.0,0.064,5.05,0.025,0.75,4.51875,0.00825,500.0,0.115,3.25,0.02,1.0,1.88,0.01,32.0,0.13,12.0,1.8917,1.0,0.1,0.006,140.0,0.06,1.55,0.5,1.8917
510,7x24,2023-03-17 12:09:01+00:00,2016-06-01 00:00:00+00:00,6.486875,0.0275,220.0,0.0965,3.75,0.025,3.0,0.0419,0.0012,12.0,12.0,0.025,1.1,1.1,0.221133,0.002933,4.5,0.06,3.5,0.082,0.1,0.46195,0.001,120.0,0.064,5.05,0.025,0.75,4.51875,0.00825,500.0,0.115,3.25,0.02,1.0,0.7575,0.0125,20.0,0.145,3.5,1.8917,1.0,0.115,0.0069,140.0,0.069,2.5,0.5,1.8917
511,7x24,2023-03-17 12:09:01+00:00,2016-07-01 00:00:00+00:00,6.486875,0.0275,220.0,0.0965,3.75,0.025,3.0,0.0419,0.0012,12.0,12.0,0.025,1.1,1.1,0.221133,0.002933,4.5,0.06,3.5,0.082,0.1,0.46195,0.001,120.0,0.064,5.05,0.025,0.75,4.51875,0.00825,500.0,0.115,3.25,0.02,1.0,0.7575,0.0125,20.0,0.145,3.5,1.8917,1.0,0.115,0.0069,140.0,0.069,2.5,0.5,1.8917
512,7x24,2023-03-17 12:09:01+00:00,2016-08-01 00:00:00+00:00,6.486875,0.0275,220.0,0.0965,3.75,0.025,3.0,0.0419,0.0012,12.0,12.0,0.025,1.1,1.1,0.221133,0.002933,4.5,0.06,3.5,0.082,0.1,0.46195,0.001,120.0,0.064,5.05,0.025,0.75,4.51875,0.00825,500.0,0.115,3.25,0.02,1.0,0.7575,0.0125,20.0,0.145,3.5,1.8917,1.0,0.115,0.0069,140.0,0.069,2.5,0.5,1.8917
513,7x24,2023-03-17 12:09:01+00:00,2016-09-01 00:00:00+00:00,6.486875,0.0275,220.0,0.0965,3.75,0.025,3.0,0.0419,0.0012,12.0,12.0,0.025,1.1,1.1,0.221133,0.002933,4.5,0.06,3.5,0.082,0.1,0.46195,0.001,120.0,0.064,5.05,0.025,0.75,4.51875,0.00825,500.0,0.115,3.25,0.02,1.0,0.7575,0.0125,20.0,0.145,3.5,1.8917,1.0,0.115,0.0069,140.0,0.069,2.5,0.5,1.8917
514,7x24,2023-03-17 12:09:01+00:00,2016-10-01 00:00:00+00:00,6.486875,0.0275,220.0,0.0965,3.75,0.025,3.0,0.0419,0.0012,12.0,12.0,0.025,1.1,1.1,0.221133,0.002933,4.5,0.06,3.5,0.082,0.1,1.63225,0.0025,150.0,0.0795,15.5,0.025,1.0,4.51875,0.00825,500.0,0.115,3.25,0.02,1.0,0.7575,0.0125,20.0,0.145,3.5,1.8917,1.0,0.115,0.0069,140.0,0.069,2.5,0.5,1.8917
515,7x24,2023-03-17 12:09:01+00:00,2016-11-01 00:00:00+00:00,6.486875,0.0275,220.0,0.0965,3.75,0.025,3.0,0.0419,0.0012,12.0,12.0,0.025,1.1,1.1,0.221133,0.002933,4.5,0.06,3.5,0.082,0.1,1.63225,0.0025,150.0,0.0795,15.5,0.025,1.0,4.51875,0.00825,500.0,0.115,3.25,0.02,1.0,0.7575,0.0125,20.0,0.145,3.5,1.8917,1.0,0.115,0.0069,140.0,0.069,2.5,0.5,1.8917
516,7x24,2023-03-17 12:09:01+00:00,2016-12-01 00:00:00+00:00,6.486875,0.0275,220.0,0.0965,3.75,0.025,3.0,0.0419,0.0012,12.0,12.0,0.025,1.1,1.1,0.221133,0.002933,4.5,0.06,3.5,0.082,0.1,1.63225,0.0025,150.0,0.0795,15.5,0.025,1.0,4.51875,0.00825,500.0,0.115,3.25,0.02,1.0,0.7575,0.0125,20.0,0.145,3.5,1.8917,1.0,0.115,0.0069,140.0,0.069,2.5,0.5,1.8917
517,7x24,2023-03-17 12:09:01+00:00,2017-01-01 00:00:00+00:00,6.486875,0.0275,220.0,0.0965,3.75,0.025,3.0,0.1125,0.0015,5.0,5.0,0.035,3.0,3.0,0.221133,0.002933,4.5,0.06,3.5,0.082,0.1,1.63225,0.0025,150.0,0.0795,15.5,0.025,1.0,5.19775,0.0098,500.0,0.135,2.15,0.015,0.5,0.7575,0.0125,20.0,0.145,3.5,1.8917,1.0,0.115,0.0069,140.0,0.069,2.5,0.5,1.8917
518,7x24,2023-03-17 12:09:01+00:00,2017-02-01 00:00:00+00:00,6.486875,0.0275,220.0,0.0965,3.75,0.025,3.0,0.1125,0.0015,5.0,5.0,0.035,3.0,3.0,0.221133,0.002933,4.5,0.06,3.5,0.082,0.1,1.63225,0.0025,150.0,0.0795,15.5,0.025,1.0,5.19775,0.0098,500.0,0.135,2.15,0.015,0.5,0.7575,0.0125,20.0,0.145,3.5,1.8917,1.0,0.115,0.0069,140.0,0.069,2.5,0.5,1.8917
519,7x24,2023-03-17 12:09:01+00:00,2017-03-01 00:00:00+00:00,6.486875,0.0275,220.0,0.0965,3.75,0.025,3.0,0.1125,0.0015,5.0,5.0,0.035,3.0,3.0,0.221133,0.002933,4.5,0.06,3.5,0.082,0.1,1.63225,0.0025,150.0,0.0795,15.5,0.025,1.0,5.19775,0.0098,500.0,0.135,2.15,0.015,0.5,0.7575,0.0125,20.0,0.145,3.5,1.8917,1.0,0.115,0.0069,140.0,0.069,2.5,0.5,1.8917
520,7x24,2023-03-17 12:09:01+00:00,2017-04-01 00:00:00+00:00,6.486875,0.0275,220.0,0.0965,3.75,0.025,3.0,0.1125,0.0015,5.0,5.0,0.035,3.0,3.0,0.221133,0.002933,4.5,0.06,3.5,0.082,0.1,1.63225,0.0025,150.0,0.0795,15.5,0.025,1.0,5.19775,0.0098,500.0,0.135,2.15,0.015,0.5,0.7575,0.0125,20.0,0.145,3.5,1.8917,1.0,0.115,0.0069,140.0,0.069,2.5,0.5,1.8917
521,7x24,2023-03-17 12:09:01+00:00,2017-05-01 00:00:00+00:00,6.486875,0.0275,220.0,0.0965,3.75,0.025,3.0,0.1125,0.0015,5.0,5.0,0.035,3.0,3.0,0.221133,0.002933,4.5,0.06,3.5,0.082,0.1,1.63225,0.0025,150.0,0.0795,15.5,0.025,1.0,5.19775,0.0098,500.0,0.135,2.15,0.015,0.5,0.7575,0.0125,20.0,0.145,3.5,1.8917,1.0,0.115,0.0069,140.0,0.069,2.5,0.5,1.8917
522,7x24,2023-03-17 12:09:01+00:00,2017-06-01 00:00:00+00:00,7.918321,0.03,239.45,0.1049,6.29,0.025,3.0,0.1125,0.0015,5.0,5.0,0.035,3.0,3.0,0.33972,0.0034,4.2,0.065,5.15,0.082,0.1,1.63225,0.0025,150.0,0.0795,15.5,0.025,1.0,5.19775,0.0098,500.0,0.135,2.15,0.015,0.5,0.87,0.015,18.0,0.16,3.75,0.94585,0.5,0.13,0.0078,140.0,0.078,2.8,0.5,1.8917
523,7x24,2023-03-17 12:09:01+00:00,2017-07-01 00:00:00+00:00,7.918321,0.03,239.45,0.1049,6.29,0.025,3.0,0.1125,0.0015,5.0,5.0,0.035,3.0,3.0,0.33972,0.0034,4.2,0.065,5.15,0.082,0.1,1.63225,0.0025,150.0,0.0795,15.5,0.025,1.0,5.19775,0.0098,500.0,0.135,2.15,0.015,0.5,0.87,0.015,18.0,0.16,3.75,0.94585,0.5,0.13,0.0078,140.0,0.078,2.8,0.5,1.8917
524,7x24,2023-03-17 12:09:01+00:00,2017-08-01 00:00:00+00:00,7.918321,0.03,239.45,0.1049,6.29,0.025,3.0,0.1125,0.0015,5.0,5.0,0.035,3.0,3.0,0.33972,0.0034,4.2,0.065,5.15,0.082,0.1,1.63225,0.0025,150.0,0.0795,15.5,0.025,1.0,5.19775,0.0098,500.0,0.135,2.15,0.015,0.5,0.87,0.015,18.0,0.16,3.75,0.94585,0.5,0.13,0.0078,140.0,0.078,2.8,0.5,1.8917
525,7x24,2023-03-17 12:09:01+00:00,2017-09-01 00:00:00+00:00,7.918321,0.03,239.45,0.1049,6.29,0.025,3.0,0.1125,0.0015,5.0,5.0,0.035,3.0,3.0,0.33972,0.0034,4.2,0.065,5.15,0.082,0.1,1.63225,0.0025,150.0,0.0795,15.5,0.025,1.0,5.19775,0.0098,500.0,0.135,2.15,0.015,0.5,0.87,0.015,18.0,0.16,3.75,0.94585,0.5,0.13,0.0078,140.0,0.078,2.8,0.5,1.8917
526,7x24,2023-03-17 12:09:01+00:00,2017-10-01 00:00:00+00:00,7.918321,0.03,239.45,0.1049,6.29,0.025,3.0,0.1125,0.0015,5.0,5.0,0.035,3.0,3.0,0.33972,0.0034,4.2,0.065,5.15,0.082,0.1,2.136375,0.0035,185.0,0.0995,14.75,0.025,0.85,5.19775,0.0098,500.0,0.135,2.15,0.015,0.5,0.87,0.015,18.0,0.16,3.75,0.94585,0.5,0.13,0.0078,140.0,0.078,2.8,0.5,1.8917
527,7x24,2023-03-17 12:09:01+00:00,2017-11-01 00:00:00+00:00,7.918321,0.03,239.45,0.1049,6.29,0.025,3.0,0.1125,0.0015,5.0,5.0,0.035,3.0,3.0,0.33972,0.0034,4.2,0.065,5.15,0.082,0.1,2.136375,0.0035,185.0,0.0995,14.75,0.025,0.85,5.19775,0.0098,500.0,0.135,2.15,0.015,0.5,0.87,0.015,18.0,0.16,3.75,0.94585,0.5,0.13,0.0078,140.0,0.078,2.8,0.5,1.8917
528,7x24,2023-03-17 12:09:01+00:00,2017-12-01 00:00:00+00:00,7.918321,0.03,239.45,0.1049,6.29,0.025,3.0,0.1125,0.0015,5.0,5.0,0.035,3.0,3.0,0.33972,0.0034,4.2,0.065,5.15,0.082,0.1,2.136375,0.0035,185.0,0.0995,14.75,0.025,0.85,5.19775,0.0098,500.0,0.135,2.15,0.015,0.5,0.87,0.015,18.0,0.16,3.75,0.94585,0.5,0.13,0.0078,140.0,0.078,2.8,0.5,1.8917
529,7x24,2023-03-17 12:09:01+00:00,2018-01-01 00:00:00+00:00,7.918321,0.03,239.45,0.1049,6.29,0.025,3.0,0.3312,0.0018,29.0,29.0,0.045,6.2,6.2,0.33972,0.0034,4.2,0.065,5.15,0.082,0.1,2.136375,0.0035,185.0,0.0995,14.75,0.025,0.85,5.6445,0.0115,450.0,0.155,3.0,0.01,0.45,0.87,0.015,18.0,0.16,3.75,0.94585,0.5,0.13,0.0078,140.0,0.078,2.8,0.5,1.8917
530,7x24,2023-03-17 12:09:01+00:00,2018-02-01 00:00:00+00:00,7.918321,0.03,239.45,0.1049,6.29,0.025,3.0,0.3312,0.0018,29.0,29.0,0.045,6.2,6.2,0.33972,0.0034,4.2,0.065,5.15,0.082,0.1,2.136375,0.0035,185.0,0.0995,14.75,0.025,0.85,5.6445,0.0115,450.0,0.155,3.0,0.01,0.45,0.87,0.015,18.0,0.16,3.75,0.94585,0.5,0.13,0.0078,140.0,0.078,2.8,0.5,1.8917
531,7x24,2023-03-17 12:09:01+00:00,2018-03-01 00:00:00+00:00,7.918321,0.03,239.45,0.1049,6.29,0.025,3.0,0.3312,0.0018,29.0,29.0,0.045,6.2,6.2,0.33972,0.0034,4.2,0.065,5.15,0.082,0.1,2.136375,0.0035,185.0,0.0995,14.75,0.025,0.85,5.6445,0.0115,450.0,0.155,3.0,0.01,0.45,0.87,0.015,18.0,0.16,3.75,0.94585,0.5,0.13,0.0078,140.0,0.078,2.8,0.5,1.8917
532,7x24,2023-03-17 12:09:01+00:00,2018-04-01 00:00:00+00:00,7.918321,0.03,239.45,0.1049,6.29,0.025,3.0,0.3312,0.0018,29.0,29.0,0.045,6.2,6.2,0.33972,0.0034,4.2,0.065,5.15,0.082,0.1,2.136375,0.0035,185.0,0.0995,14.75,0.025,0.85,5.6445,0.0115,450.0,0.155,3.0,0.01,0.45,0.87,0.015,18.0,0.16,3.75,0.94585,0.5,0.13,0.0078,140.0,0.078,2.8,0.5,1.8917
533,7x24,2023-03-17 12:09:01+00:00,2018-05-01 00:00:00+00:00,7.918321,0.03,239.45,0.1049,6.29,0.025,3.0,0.3312,0.0018,29.0,29.0,0.045,6.2,6.2,0.33972,0.0034,4.2,0.065,5.15,0.082,0.1,2.136375,0.0035,185.0,0.0995,14.75,0.025,0.85,5.6445,0.0115,450.0,0.155,3.0,0.01,0.45,0.87,0.015,18.0,0.16,3.75,0.94585,0.5,0.13,0.0078,140.0,0.078,2.8,0.5,1.8917
534,7x24,2023-03-17 12:09:01+00:00,2018-06-01 00:00:00+00:00,8.305695,0.032,231.0,0.1233,6.65,0.025,3.75,0.3312,0.0018,29.0,29.0,0.045,6.2,6.2,0.67217,0.0039,52.5,0.07,6.6,0.082,0.38,2.136375,0.0035,185.0,0.0995,14.75,0.025,0.85,5.6445,0.0115,450.0,0.155,3.0,0.01,0.45,0.97125,0.0175,18.0,0.175,3.75,0.472925,0.25,0.145,0.0087,140.0,0.087,3.0,0.5,1.8917
535,7x24,2023-03-17 12:09:01+00:00,2018-07-01 00:00:00+00:00,8.305695,0.032,231.0,0.1233,6.65,0.025,3.75,0.3312,0.0018,29.0,29.0,0.045,6.2,6.2,0.67217,0.0039,52.5,0.07,6.6,0.082,0.38,2.136375,0.0035,185.0,0.0995,14.75,0.025,0.85,5.6445,0.0115,450.0,0.155,3.0,0.01,0.45,0.97125,0.0175,18.0,0.175,3.75,0.472925,0.25,0.145,0.0087,140.0,0.087,3.0,0.5,1.8917
536,7x24,2023-03-17 12:09:01+00:00,2018-08-01 00:00:00+00:00,8.305695,0.032,231.0,0.1233,6.65,0.025,3.75,0.3312,0.0018,29.0,29.0,0.045,6.2,6.2,0.67217,0.0039,52.5,0.07,6.6,0.082,0.38,2.136375,0.0035,185.0,0.0995,14.75,0.025,0.85,5.6445,0.0115,450.0,0.155,3.0,0.01,0.45,0.97125,0.0175,18.0,0.175,3.75,0.472925,0.25,0.145,0.0087,140.0,0.087,3.0,0.5,1.8917
537,7x24,2023-03-17 12:09:01+00:00,2018-09-01 00:00:00+00:00,8.305695,0.032,231.0,0.1233,6.65,0.025,3.75,0.3312,0.0018,29.0,29.0,0.045,6.2,6.2,0.67217,0.0039,52.5,0.07,6.6,0.082,0.38,2.136375,0.0035,185.0,0.0995,14.75,0.025,0.85,5.6445,0.0115,450.0,0.155,3.0,0.01,0.45,0.97125,0.0175,18.0,0.175,3.75,0.472925,0.25,0.145,0.0087,140.0,0.087,3.0,0.5,1.8917
538,7x24,2023-03-17 12:09:01+00:00,2018-10-01 00:00:00+00:00,8.305695,0.032,231.0,0.1233,6.65,0.025,3.75,0.3312,0.0018,29.0,29.0,0.045,6.2,6.2,0.67217,0.0039,52.5,0.07,6.6,0.082,0.38,2.39,0.005,165.0,0.1,15.5,0.025,0.6,5.6445,0.0115,450.0,0.155,3.0,0.01,0.45,0.97125,0.0175,18.0,0.175,3.75,0.472925,0.25,0.145,0.0087,140.0,0.087,3.0,0.5,1.8917
539,7x24,2023-03-17 12:09:01+00:00,2018-11-01 00:00:00+00:00,8.305695,0.032,231.0,0.1233,6.65,0.025,3.75,0.3312,0.0018,29.0,29.0,0.045,6.2,6.2,0.67217,0.0039,52.5,0.07,6.6,0.082,0.38,2.39,0.005,165.0,0.1,15.5,0.025,0.6,5.6445,0.0115,450.0,0.155,3.0,0.01,0.45,0.97125,0.0175,18.0,0.175,3.75,0.472925,0.25,0.145,0.0087,140.0,0.087,3.0,0.5,1.8917
540,7x24,2023-03-17 12:09:01+00:00,2018-12-01 00:00:00+00:00,8.305695,0.032,231.0,0.1233,6.65,0.025,3.75,0.3312,0.0018,29.0,29.0,0.045,6.2,6.2,0.67217,0.0039,52.5,0.07,6.6,0.082,0.38,2.39,0.005,165.0,0.1,15.5,0.025,0.6,5.6445,0.0115,450.0,0.155,3.0,0.01,0.45,0.97125,0.0175,18.0,0.175,3.75,0.472925,0.25,0.145,0.0087,140.0,0.087,3.0,0.5,1.8917
541,7x24,2023-03-17 12:09:01+00:00,2019-01-01 00:00:00+00:00,8.305695,0.032,231.0,0.1233,6.65,0.025,3.75,0.372,0.0,29.0,29.0,0.06,6.2,6.2,0.67217,0.0039,52.5,0.07,6.6,0.082,0.38,2.39,0.005,165.0,0.1,15.5,0.025,0.6,5.6445,0.0115,450.0,0.155,3.0,0.01,0.45,0.97125,0.0175,18.0,0.175,3.75,0.472925,0.25,0.145,0.0087,140.0,0.087,3.0,0.5,1.8917
542,7x24,2023-03-17 12:09:01+00:00,2019-02-01 00:00:00+00:00,8.305695,0.032,231.0,0.1233,6.65,0.025,3.75,0.4048,0.0022,29.0,29.0,0.055,6.2,6.2,0.67217,0.0039,52.5,0.07,6.6,0.082,0.38,2.39,0.005,165.0,0.1,15.5,0.025,0.6,5.6445,0.0115,450.0,0.155,3.0,0.01,0.45,0.97125,0.0175,18.0,0.175,3.75,0.472925,0.25,0.145,0.0087,140.0,0.087,3.0,0.5,1.8917
543,7x24,2023-03-17 12:09:01+00:00,2019-03-01 00:00:00+00:00,8.305695,0.032,231.0,0.1233,6.65,0.025,3.75,0.4048,0.0022,29.0,29.0,0.055,6.2,6.2,0.67217,0.0039,52.5,0.07,6.6,0.082,0.38,2.39,0.005,165.0,0.1,15.5,0.025,0.6,5.6445,0.0115,450.0,0.155,3.0,0.01,0.45,0.97125,0.0175,18.0,0.175,3.75,0.472925,0.25,0.145,0.0087,140.0,0.087,3.0,0.5,1.8917
544,7x24,2023-03-17 12:09:01+00:00,2019-04-01 00:00:00+00:00,8.305695,0.032,231.0,0.1233,6.65,0.025,3.75,0.4048,0.0022,29.0,29.0,0.055,6.2,6.2,0.67217,0.0039,52.5,0.07,6.6,0.082,0.38,2.39,0.005,165.0,0.1,15.5,0.025,0.6,5.6445,0.0115,450.0,0.155,3.0,0.01,0.45,0.97125,0.0175,18.0,0.175,3.75,0.472925,0.25,0.145,0.0087,140.0,0.087,3.0,0.5,1.8917
545,7x24,2023-03-17 12:09:01+00:00,2019-05-01 00:00:00+00:00,8.305695,0.032,231.0,0.1233,6.65,0.025,3.75,0.4048,0.0022,29.0,29.0,0.055,6.2,6.2,0.67217,0.0039,52.5,0.07,6.6,0.082,0.38,2.39,0.005,165.0,0.1,15.5,0.025,0.6,5.6445,0.0115,450.0,0.155,3.0,0.01,0.45,0.97125,0.0175,18.0,0.175,3.75,0.472925,0.25,0.145,0.0087,140.0,0.087,3.0,0.5,1.8917
546,7x24,2023-03-17 12:09:01+00:00,2019-06-01 00:00:00+00:00,13.33775,0.051,231.0,0.22,6.65,0.025,3.75,0.4048,0.0022,29.0,29.0,0.055,6.2,6.2,0.7296347,0.004433,52.5,0.075,6.6,0.082,0.38,2.39,0.005,165.0,0.1,15.5,0.025,0.6,5.6445,0.0115,450.0,0.155,3.0,0.01,0.45,1.0725,0.02,18.0,0.19,3.75,0.0,0.0,0.16,0.0096,140.0,0.096,3.0,0.5,1.8917
547,7x24,2023-03-17 12:09:01+00:00,2019-07-01 00:00:00+00:00,10.96972,0.043,231.0,0.1418,6.65,0.025,3.75,0.4048,0.0022,29.0,29.0,0.055,6.2,6.2,0.7296347,0.004433,52.5,0.075,6.6,0.082,0.38,2.39,0.005,165.0,0.1,15.5,0.025,0.6,5.6445,0.0115,450.0,0.155,3.0,0.01,0.45,1.0725,0.02,18.0,0.19,3.75,0.0,0.0,0.16,0.0096,140.0,0.096,3.0,0.5,1.8917
548,7x24,2023-03-17 12:09:01+00:00,2019-08-01 00:00:00+00:00,10.96972,0.043,231.0,0.1418,6.65,0.025,3.75,0.4048,0.0022,29.0,29.0,0.055,6.2,6.2,0.7296347,0.004433,52.5,0.075,6.6,0.082,0.38,2.39,0.005,165.0,0.1,15.5,0.025,0.6,5.6445,0.0115,450.0,0.155,3.0,0.01,0.45,1.0725,0.02,18.0,0.19,3.75,0.0,0.0,0.16,0.0096,140.0,0.096,3.0,0.5,1.8917
549,7x24,2023-03-17 12:09:01+00:00,2019-09-01 00:00:00+00:00,10.96972,0.043,231.0,0.1418,6.65,0.025,3.75,0.4048,0.0022,29.0,29.0,0.055,6.2,6.2,0.7296347,0.004433,52.5,0.075,6.6,0.082,0.38,2.39,0.005,165.0,0.1,15.5,0.025,0.6,5.6445,0.0115,450.0,0.155,3.0,0.01,0.45,1.0725,0.02,18.0,0.19,3.75,0.0,0.0,0.16,0.0096,140.0,0.096,3.0,0.5,1.8917
550,7x24,2023-03-17 12:09:01+00:00,2019-10-01 00:00:00+00:00,10.96972,0.043,231.0,0.1418,6.65,0.025,3.75,0.4048,0.0022,29.0,29.0,0.055,6.2,6.2,0.7296347,0.004433,52.5,0.075,6.6,0.082,0.38,1.106,0.007,23.0,0.12,7.75,0.025,0.6,5.6445,0.0115,450.0,0.155,3.0,0.01,0.45,1.0725,0.02,18.0,0.19,3.75,0.0,0.0,0.16,0.0096,140.0,0.096,3.0,0.5,1.8917
551,7x24,2023-03-17 12:09:01+00:00,2019-11-01 00:00:00+00:00,10.96972,0.043,231.0,0.1418,6.65,0.025,3.75,0.4048,0.0022,29.0,29.0,0.055,6.2,6.2,0.7296347,0.004433,52.5,0.075,6.6,0.082,0.38,1.106,0.007,23.0,0.12,7.75,0.025,0.6,5.6445,0.0115,450.0,0.155,3.0,0.01,0.45,1.0725,0.02,18.0,0.19,3.75,0.0,0.0,0.16,0.0096,140.0,0.096,3.0,0.5,1.8917
552,7x24,2023-03-17 12:09:01+00:00,2019-12-01 00:00:00+00:00,10.96972,0.043,231.0,0.1418,6.65,0.025,3.75,0.4048,0.0022,29.0,29.0,0.055,6.2,6.2,0.7296347,0.004433,52.5,0.075,6.6,0.082,0.38,1.106,0.007,23.0,0.12,7.75,0.025,0.6,5.6445,0.0115,450.0,0.155,3.0,0.01,0.45,1.0725,0.02,18.0,0.19,3.75,0.0,0.0,0.16,0.0096,140.0,0.096,3.0,0.5,1.8917
553,7x24,2023-03-17 12:09:01+00:00,2020-01-01 00:00:00+00:00,10.96972,0.043,231.0,0.1418,6.65,0.025,3.75,0.341,0.0,29.0,29.0,0.055,6.2,6.2,0.7296347,0.004433,52.5,0.075,6.6,0.082,0.38,1.106,0.007,23.0,0.12,7.75,0.025,0.6,5.6445,0.0115,450.0,0.155,3.0,0.01,0.45,1.0725,0.02,18.0,0.19,3.75,0.0,0.0,0.16,0.0096,140.0,0.096,3.0,0.5,1.8917
554,7x24,2023-03-17 12:09:01+00:00,2020-02-01 00:00:00+00:00,10.96972,0.043,231.0,0.1418,6.65,0.025,3.75,0.341,0.0,29.0,29.0,0.055,6.2,6.2,0.7296347,0.004433,52.5,0.075,6.6,0.082,0.38,1.106,0.007,23.0,0.12,7.75,0.025,0.6,5.6445,0.0115,450.0,0.155,3.0,0.01,0.45,1.0725,0.02,18.0,0.19,3.75,0.0,0.0,0.16,0.0096,140.0,0.096,3.0,0.5,1.8917
555,7x24,2023-03-17 12:09:01+00:00,2020-03-01 00:00:00+00:00,10.96972,0.043,231.0,0.1418,6.65,0.025,3.75,0.341,0.0,29.0,29.0,0.055,6.2,6.2,0.7296347,0.004433,52.5,0.075,6.6,0.082,0.38,1.106,0.007,23.0,0.12,7.75,0.025,0.6,5.6445,0.0115,450.0,0.155,3.0,0.01,0.45,1.0725,0.02,18.0,0.19,3.75,0.0,0.0,0.16,0.0096,140.0,0.096,3.0,0.5,1.8917
556,7x24,2023-03-17 12:09:01+00:00,2020-04-01 00:00:00+00:00,10.96972,0.043,231.0,0.1418,6.65,0.025,3.75,0.341,0.0,29.0,29.0,0.055,6.2,6.2,0.7296347,0.004433,52.5,0.075,6.6,0.082,0.38,1.106,0.007,23.0,0.12,7.75,0.025,0.6,5.6445,0.0115,450.0,0.155,3.0,0.01,0.45,1.0725,0.02,18.0,0.19,3.75,0.0,0.0,0.16,0.0096,140.0,0.096,3.0,0.5,1.8917
557,7x24,2023-03-17 12:09:01+00:00,2020-05-01 00:00:00+00:00,10.96972,0.043,231.0,0.1418,6.65,0.025,3.75,0.341,0.0,29.0,29.0,0.055,6.2,6.2,0.7296347,0.004433,52.5,0.075,6.6,0.082,0.38,1.106,0.007,23.0,0.12,7.75,0.025,0.6,5.6445,0.0115,450.0,0.155,3.0,0.01,0.45,1.0725,0.02,18.0,0.19,3.75,0.0,0.0,0.16,0.0096,140.0,0.096,3.0,0.5,1.8917
558,7x24,2023-03-17 12:09:01+00:00,2020-06-01 00:00:00+00:00,12.80925,0.049,231.0,0.21,6.65,0.025,3.75,0.341,0.0,29.0,29.0,0.055,6.2,6.2,4.58,0.005,49.5,0.08,28.1,0.1,22.25,1.106,0.007,23.0,0.12,7.75,0.025,0.6,5.6445,0.0115,450.0,0.155,3.0,0.01,0.45,1.155,0.0225,18.0,0.2,3.75,0.0,0.0,0.175,0.0105,140.0,0.105,3.0,0.5,1.8917
559,7x24,2023-03-17 12:09:01+00:00,2020-07-01 00:00:00+00:00,12.80925,0.049,231.0,0.21,6.65,0.025,3.75,0.341,0.0,29.0,29.0,0.055,6.2,6.2,4.58,0.005,49.5,0.08,28.1,0.1,22.25,1.106,0.007,23.0,0.12,7.75,0.025,0.6,5.6445,0.0115,450.0,0.155,3.0,0.01,0.45,1.155,0.0225,18.0,0.2,3.75,0.0,0.0,0.175,0.0105,140.0,0.105,3.0,0.5,1.8917
560,7x24,2023-03-17 12:09:01+00:00,2020-08-01 00:00:00+00:00,12.80925,0.049,231.0,0.21,6.65,0.025,3.75,0.341,0.0,29.0,29.0,0.055,6.2,6.2,4.58,0.005,49.5,0.08,28.1,0.1,22.25,1.106,0.007,23.0,0.12,7.75,0.025,0.6,5.6445,0.0115,450.0,0.155,3.0,0.01,0.45,1.155,0.0225,18.0,0.2,3.75,0.0,0.0,0.175,0.0105,140.0,0.105,3.0,0.5,1.8917
561,7x24,2023-03-17 12:09:01+00:00,2020-09-01 00:00:00+00:00,12.80925,0.049,231.0,0.21,6.65,0.025,3.75,0.341,0.0,29.0,29.0,0.055,6.2,6.2,4.58,0.005,49.5,0.08,28.1,0.1,22.25,1.106,0.007,23.0,0.12,7.75,0.025,0.6,5.6445,0.0115,450.0,0.155,3.0,0.01,0.45,1.155,0.0225,18.0,0.2,3.75,0.0,0.0,0.175,0.0105,140.0,0.105,3.0,0.5,1.8917
562,7x24,2023-03-17 12:09:01+00:00,2020-10-01 00:00:00+00:00,12.80925,0.049,231.0,0.21,6.65,0.025,3.75,0.341,0.0,29.0,29.0,0.055,6.2,6.2,4.58,0.005,49.5,0.08,28.1,0.1,22.25,0.782775,0.0115,7.75,0.1195,5.7,0.025,0.5,5.6445,0.0115,450.0,0.155,3.0,0.01,0.45,1.155,0.0225,18.0,0.2,3.75,0.0,0.0,0.175,0.0105,140.0,0.105,3.0,0.5,1.8917
563,7x24,2023-03-17 12:09:01+00:00,2020-11-01 00:00:00+00:00,12.80925,0.049,231.0,0.21,6.65,0.025,3.75,0.341,0.0,29.0,29.0,0.055,6.2,6.2,4.58,0.005,49.5,0.08,28.1,0.1,22.25,0.782775,0.0115,7.75,0.1195,5.7,0.025,0.5,5.6445,0.0115,450.0,0.155,3.0,0.01,0.45,1.155,0.0225,18.0,0.2,3.75,0.0,0.0,0.175,0.0105,140.0,0.105,3.0,0.5,1.8917
564,7x24,2023-03-17 12:09:01+00:00,2020-12-01 00:00:00+00:00,12.80925,0.049,231.0,0.21,6.65,0.025,3.75,0.341,0.0,29.0,29.0,0.055,6.2,6.2,4.58,0.005,49.5,0.08,28.1,0.1,22.25,0.782775,0.0115,7.75,0.1195,5.7,0.025,0.5,5.6445,0.0115,450.0,0.155,3.0,0.01,0.45,1.155,0.0225,18.0,0.2,3.75,0.0,0.0,0.175,0.0105,140.0,0.105,3.0,0.5,1.8917
565,7x24,2023-03-17 12:09:01+00:00,2021-01-01 00:00:00+00:00,12.80925,0.049,231.0,0.21,6.65,0.025,3.75,0.36,0.0,23.0,23.0,0.06,6.0,6.0,4.58,0.005,49.5,0.08,28.1,0.1,22.25,0.782775,0.0115,7.75,0.1195,5.7,0.025,0.5,5.6445,0.0115,450.0,0.155,3.0,0.01,0.45,1.155,0.0225,18.0,0.2,3.75,0.0,0.0,0.175,0.0105,140.0,0.105,3.0,0.5,1.8917
566,7x24,2023-03-17 12:09:01+00:00,2021-02-01 00:00:00+00:00,12.80925,0.049,231.0,0.21,6.65,0.025,3.75,0.36,0.0,23.0,23.0,0.06,6.0,6.0,4.58,0.005,49.5,0.08,28.1,0.1,22.25,0.782775,0.0115,7.75,0.1195,5.7,0.025,0.5,5.6445,0.0115,450.0,0.155,3.0,0.01,0.45,1.155,0.0225,18.0,0.2,3.75,0.0,0.0,0.175,0.0105,140.0,0.105,3.0,0.5,1.8917
567,7x24,2023-03-17 12:09:01+00:00,2021-03-01 00:00:00+00:00,12.80925,0.049,231.0,0.21,6.65,0.025,3.75,0.36,0.0,23.0,23.0,0.06,6.0,6.0,4.58,0.005,49.5,0.08,28.1,0.1,22.25,0.782775,0.0115,7.75,0.1195,5.7,0.025,0.5,5.6445,0.0115,450.0,0.155,3.0,0.01,0.45,1.155,0.0225,18.0,0.2,3.75,0.0,0.0,0.175,0.0105,140.0,0.105,3.0,0.5,1.8917
568,7x24,2023-03-17 12:09:01+00:00,2021-04-01 00:00:00+00:00,12.80925,0.049,231.0,0.21,6.65,0.025,3.75,0.36,0.0,23.0,23.0,0.06,6.0,6.0,4.58,0.005,49.5,0.08,28.1,0.1,22.25,0.782775,0.0115,7.75,0.1195,5.7,0.025,0.5,5.6445,0.0115,450.0,0.155,3.0,0.01,0.45,1.155,0.0225,18.0,0.2,3.75,0.0,0.0,0.175,0.0105,140.0,0.105,3.0,0.5,1.8917
569,7x24,2023-03-17 12:09:01+00:00,2021-05-01 00:00:00+00:00,12.80925,0.049,231.0,0.21,6.65,0.025,3.75,0.36,0.0,23.0,23.0,0.06,6.0,6.0,4.58,0.005,49.5,0.08,28.1,0.1,22.25,0.782775,0.0115,7.75,0.1195,5.7,0.025,0.5,5.6445,0.0115,450.0,0.155,3.0,0.01,0.45,1.155,0.0225,18.0,0.2,3.75,0.0,0.0,0.175,0.0105,140.0,0.105,3.0,0.5,1.8917
570,7x24,2023-03-17 12:09:01+00:00,2021-06-01 00:00:00+00:00,13.64,0.051,231.0,0.21,6.65,0.025,18.5,0.36,0.0,23.0,23.0,0.06,6.0,6.0,4.615,0.005,50.0,0.08,28.2,0.1,22.5,0.782775,0.0115,7.75,0.1195,5.7,0.025,0.5,5.6445,0.0115,450.0,0.155,3.0,0.01,0.45,1.2375,0.025,18.0,0.21,3.75,0.0,0.0,0.19,0.0114,140.0,0.114,3.0,0.5,1.8917
571,7x24,2023-03-17 12:09:01+00:00,2021-07-01 00:00:00+00:00,13.64,0.051,231.0,0.21,6.65,0.025,18.5,0.36,0.0,23.0,23.0,0.06,6.0,6.0,4.615,0.005,50.0,0.08,28.2,0.1,22.5,0.782775,0.0115,7.75,0.1195,5.7,0.025,0.5,5.6445,0.0115,450.0,0.155,3.0,0.01,0.45,1.2375,0.025,18.0,0.21,3.75,0.0,0.0,0.19,0.0114,140.0,0.114,3.0,0.5,1.8917
572,7x24,2023-03-17 12:09:01+00:00,2021-08-01 00:00:00+00:00,13.64,0.051,231.0,0.21,6.65,0.025,18.5,0.36,0.0,23.0,23.0,0.06,6.0,6.0,4.615,0.005,50.0,0.08,28.2,0.1,22.5,0.782775,0.0115,7.75,0.1195,5.7,0.025,0.5,5.6445,0.0115,450.0,0.155,3.0,0.01,0.45,1.2375,0.025,18.0,0.21,3.75,0.0,0.0,0.19,0.0114,140.0,0.114,3.0,0.5,1.8917
573,7x24,2023-03-17 12:09:01+00:00,2021-09-01 00:00:00+00:00,13.64,0.051,231.0,0.21,6.65,0.025,18.5,0.36,0.0,23.0,23.0,0.06,6.0,6.0,4.615,0.005,50.0,0.08,28.2,0.1,22.5,0.782775,0.0115,7.75,0.1195,5.7,0.025,0.5,5.6445,0.0115,450.0,0.155,3.0,0.01,0.45,1.2375,0.025,18.0,0.21,3.75,0.0,0.0,0.19,0.0114,140.0,0.114,3.0,0.5,1.8917
574,7x24,2023-03-17 12:09:01+00:00,2021-10-01 00:00:00+00:00,13.64,0.051,231.0,0.21,6.65,0.025,18.5,0.36,0.0,23.0,23.0,0.06,6.0,6.0,4.615,0.005,50.0,0.08,28.2,0.1,22.5,1.77675,0.015,60.0,0.143,6.0,0.025,0.75,5.6445,0.0115,450.0,0.155,3.0,0.01,0.45,1.2375,0.025,18.0,0.21,3.75,0.0,0.0,0.19,0.0114,140.0,0.114,3.0,0.5,1.8917
575,7x24,2023-03-17 12:09:01+00:00,2021-11-01 00:00:00+00:00,13.64,0.051,231.0,0.21,6.65,0.025,18.5,0.36,0.0,23.0,23.0,0.06,6.0,6.0,4.615,0.005,50.0,0.08,28.2,0.1,22.5,1.77675,0.015,60.0,0.143,6.0,0.025,0.75,5.6445,0.0115,450.0,0.155,3.0,0.01,0.45,1.2375,0.025,18.0,0.21,3.75,0.0,0.0,0.19,0.0114,140.0,0.114,3.0,0.5,1.8917
576,7x24,2023-03-17 12:09:01+00:00,2021-12-01 00:00:00+00:00,13.64,0.051,231.0,0.21,6.65,0.025,18.5,0.36,0.0,23.0,23.0,0.06,6.0,6.0,4.615,0.005,50.0,0.08,28.2,0.1,22.5,1.77675,0.015,60.0,0.143,6.0,0.025,0.75,5.6445,0.0115,450.0,0.155,3.0,0.01,0.45,1.2375,0.025,18.0,0.21,3.75,0.0,0.0,0.19,0.0114,140.0,0.114,3.0,0.5,1.8917
577,7x24,2023-03-17 12:09:01+00:00,2022-01-01 00:00:00+00:00,13.64,0.051,231.0,0.21,6.65,0.025,18.5,0.39,0.0,23.25,23.25,0.065,6.0,6.0,4.615,0.005,50.0,0.08,28.2,0.1,22.5,10.69975,0.055,61.5,0.301,28.5,0.025,12.25,15.6455,0.026,435.0,0.325,14.5,0.0,0.45,1.2375,0.025,18.0,0.21,3.75,0.0,0.0,0.19,0.0114,140.0,0.114,3.0,0.5,1.8917
578,7x24,2023-03-17 12:09:01+00:00,2022-02-01 00:00:00+00:00,13.64,0.051,231.0,0.21,6.65,0.025,18.5,0.39,0.0,23.25,23.25,0.065,6.0,6.0,4.615,0.005,50.0,0.08,28.2,0.1,22.5,10.69975,0.055,61.5,0.301,28.5,0.025,12.25,15.6455,0.026,435.0,0.325,14.5,0.0,0.45,1.2375,0.025,18.0,0.21,3.75,0.0,0.0,0.19,0.0114,140.0,0.114,3.0,0.5,1.8917
579,7x24,2023-03-17 12:09:01+00:00,2022-03-01 00:00:00+00:00,13.64,0.051,231.0,0.21,6.65,0.025,18.5,0.39,0.0,23.25,23.25,0.065,6.0,6.0,4.615,0.005,50.0,0.08,28.2,0.1,22.5,10.69975,0.055,61.5,0.301,28.5,0.025,12.25,15.6455,0.026,435.0,0.325,14.5,0.0,0.45,1.2375,0.025,18.0,0.21,3.75,0.0,0.0,0.19,0.0114,140.0,0.114,3.0,0.5,1.8917
580,7x24,2023-03-17 12:09:01+00:00,2022-04-01 00:00:00+00:00,13.64,0.051,231.0,0.21,6.65,0.025,18.5,0.39,0.0,23.25,23.25,0.065,6.0,6.0,4.615,0.005,50.0,0.08,28.2,0.1,22.5,10.69975,0.055,61.5,0.301,28.5,0.025,12.25,15.6455,0.026,435.0,0.325,14.5,0.0,0.45,1.2375,0.025,18.0,0.21,3.75,0.0,0.0,0.19,0.0114,140.0,0.114,3.0,0.5,1.8917
581,7x24,2023-03-17 12:09:01+00:00,2022-05-01 00:00:00+00:00,13.64,0.051,231.0,0.21,6.65,0.025,18.5,0.39,0.0,23.25,23.25,0.065,6.0,6.0,4.615,0.005,50.0,0.08,28.2,0.1,22.5,10.69975,0.055,61.5,0.301,28.5,0.025,12.25,15.6455,0.026,435.0,0.325,14.5,0.0,0.45,1.2375,0.025,18.0,0.21,3.75,0.0,0.0,0.19,0.0114,140.0,0.114,3.0,0.5,1.8917
582,7x24,2023-03-17 12:09:01+00:00,2022-06-01 00:00:00+00:00,17.8955,0.051,225.5,0.21,28.25,0.025,18.5,0.39,0.0,23.25,23.25,0.065,6.0,6.0,4.725,0.005,50.5,0.08,28.3,0.1,23.5,10.69975,0.055,61.5,0.301,28.5,0.025,12.25,15.6455,0.026,435.0,0.325,14.5,0.0,0.45,6.71,0.0275,58.0,0.22,23.25,0.0,0.0,0.205,0.0123,140.0,0.123,3.0,0.5,1.8917
583,7x24,2023-03-17 12:09:01+00:00,2022-07-01 00:00:00+00:00,17.8955,0.051,225.5,0.21,28.25,0.025,18.5,0.39,0.0,23.25,23.25,0.065,6.0,6.0,4.725,0.005,50.5,0.08,28.3,0.1,23.5,10.69975,0.055,61.5,0.301,28.5,0.025,12.25,15.6455,0.026,435.0,0.325,14.5,0.0,0.45,6.71,0.0275,58.0,0.22,23.25,0.0,0.0,0.205,0.0123,140.0,0.123,3.0,0.5,1.8917
584,7x24,2023-03-17 12:09:01+00:00,2022-08-01 00:00:00+00:00,17.8955,0.051,225.5,0.21,28.25,0.025,18.5,0.39,0.0,23.25,23.25,0.065,6.0,6.0,4.725,0.005,50.5,0.08,28.3,0.1,23.5,10.69975,0.055,61.5,0.301,28.5,0.025,12.25,15.6455,0.026,435.0,0.325,14.5,0.0,0.45,6.71,0.0275,58.0,0.22,23.25,0.0,0.0,0.205,0.0123,140.0,0.123,3.0,0.5,1.8917
585,7x24,2023-03-17 12:09:01+00:00,2022-09-01 00:00:00+00:00,17.8955,0.051,225.5,0.21,28.25,0.025,18.5,0.39,0.0,23.25,23.25,0.065,6.0,6.0,4.725,0.005,50.5,0.08,28.3,0.1,23.5,10.69975,0.055,61.5,0.301,28.5,0.025,12.25,15.6455,0.026,435.0,0.325,14.5,0.0,0.45,6.71,0.0275,58.0,0.22,23.25,0.0,0.0,0.205,0.0123,140.0,0.123,3.0,0.5,1.8917
586,7x24,2023-03-17 12:09:01+00:00,2022-10-01 00:00:00+00:00,17.8955,0.051,225.5,0.21,28.25,0.025,18.5,0.39,0.0,23.25,23.25,0.065,6.0,6.0,4.725,0.005,50.5,0.08,28.3,0.1,23.5,10.69975,0.055,61.5,0.301,28.5,0.025,12.25,15.6455,0.026,435.0,0.325,14.5,0.0,0.45,6.71,0.0275,58.0,0.22,23.25,0.0,0.0,0.205,0.0123,140.0,0.123,3.0,0.5,1.8917
587,7x24,2023-03-17 12:09:01+00:00,2022-11-01 00:00:00+00:00,17.8955,0.051,225.5,0.21,28.25,0.025,18.5,0.39,0.0,23.25,23.25,0.065,6.0,6.0,4.725,0.005,50.5,0.08,28.3,0.1,23.5,10.69975,0.055,61.5,0.301,28.5,0.025,12.25,15.6455,0.026,435.0,0.325,14.5,0.0,0.45,6.71,0.0275,58.0,0.22,23.25,0.0,0.0,0.205,0.0123,140.0,0.123,3.0,0.5,1.8917
588,7x24,2023-03-17 12:09:01+00:00,2022-12-01 00:00:00+00:00,17.8955,0.051,225.5,0.21,28.25,0.025,18.5,0.39,0.0,23.25,23.25,0.065,6.0,6.0,4.725,0.005,50.5,0.08,28.3,0.1,23.5,10.69975,0.055,61.5,0.301,28.5,0.025,12.25,15.6455,0.026,435.0,0.325,14.5,0.0,0.45,6.71,0.0275,58.0,0.22,23.25,0.0,0.0,0.205,0.0123,140.0,0.123,3.0,0.5,1.8917
589,7x24,2023-03-17 12:09:01+00:00,2023-01-01 00:00:00+00:00,17.8955,0.051,225.5,0.21,28.25,0.025,18.5,0.42,0.0,24.0,24.0,0.07,6.0,6.0,4.725,0.005,50.5,0.08,28.3,0.1,23.5,11.3322,0.06,61.5,0.319,28.3,0.025,12.5,18.64875,0.0285,430.0,0.3875,16.5,0.0,0.45,6.71,0.0275,58.0,0.22,23.25,0.0,0.0,0.205,0.0123,140.0,0.123,3.0,0.5,1.8917
590,7x24,2023-03-17 12:09:01+00:00,2023-02-01 00:00:00+00:00,17.8955,0.051,225.5,0.21,28.25,0.025,18.5,0.42,0.0,24.0,24.0,0.07,6.0,6.0,4.725,0.005,50.5,0.08,28.3,0.1,23.5,11.3322,0.06,61.5,0.319,28.3,0.025,12.5,18.1785,0.0285,430.0,0.3875,16.5,0.0,0.45,6.71,0.0275,58.0,0.22,23.25,0.0,0.0,0.205,0.0123,140.0,0.123,3.0,0.5,1.8917
591,7x24,2023-03-17 12:09:01+00:00,2023-03-01 00:00:00+00:00,17.8955,0.051,225.5,0.21,28.25,0.025,18.5,0.42,0.0,24.0,24.0,0.07,6.0,6.0,4.725,0.005,50.5,0.08,28.3,0.1,23.5,11.3322,0.06,61.5,0.319,28.3,0.025,12.5,18.1785,0.0285,430.0,0.3875,16.5,0.0,0.45,6.71,0.0275,58.0,0.22,23.25,0.0,0.0,0.205,0.0123,140.0,0.123,3.0,0.5,1.8917
592,7x24,2023-03-17 12:09:01+00:00,2023-04-01 00:00:00+00:00,17.8955,0.051,225.5,0.21,28.25,0.025,18.5,0.42,0.0,24.0,24.0,0.07,6.0,6.0,4.725,0.005,50.5,0.08,28.3,0.1,23.5,11.3322,0.06,61.5,0.319,28.3,0.025,12.5,18.1785,0.0285,430.0,0.3875,16.5,0.0,0.45,6.71,0.0275,58.0,0.22,23.25,0.0,0.0,0.205,0.0123,140.0,0.123,3.0,0.5,1.8917
593,7x24,2023-03-17 12:09:01+00:00,2023-05-01 00:00:00+00:00,17.8955,0.051,225.5,0.21,28.25,0.025,18.5,0.42,0.0,24.0,24.0,0.07,6.0,6.0,4.725,0.005,50.5,0.08,28.3,0.1,23.5,11.3322,0.06,61.5,0.319,28.3,0.025,12.5,18.1785,0.0285,430.0,0.3875,16.5,0.0,0.45,6.71,0.0275,58.0,0.22,23.25,0.0,0.0,0.205,0.0123,140.0,0.123,3.0,0.5,1.8917
594,7x24,2023-03-17 12:09:01+00:00,2023-06-01 00:00:00+00:00,18.4475,0.051,226.0,0.22,28.45,0.025,26.5,0.42,0.0,24.0,24.0,0.07,6.0,6.0,4.82625,0.005,46.5,0.08,28.25,0.1,24.75,11.3322,0.06,61.5,0.319,28.3,0.025,12.5,18.1785,0.0285,430.0,0.3875,16.5,0.0,0.45,7.26,0.03,58.0,0.23,24.0,0.0,0.0,0.22,0.0132,140.0,0.132,3.0,0.5,1.8917
595,7x24,2023-03-17 12:09:01+00:00,2023-07-01 00:00:00+00:00,18.4475,0.051,226.0,0.22,28.45,0.025,26.5,0.42,0.0,24.0,24.0,0.07,6.0,6.0,4.82625,0.005,46.5,0.08,28.25,0.1,24.75,11.3322,0.06,61.5,0.319,28.3,0.025,12.5,18.1785,0.0285,430.0,0.3875,16.5,0.0,0.45,7.26,0.03,58.0,0.23,24.0,0.0,0.0,0.22,0.0132,140.0,0.132,3.0,0.5,1.8917
596,7x24,2023-03-17 12:09:01+00:00,2023-08-01 00:00:00+00:00,18.4475,0.051,226.0,0.22,28.45,0.025,26.5,0.42,0.0,24.0,24.0,0.07,6.0,6.0,4.82625,0.005,46.5,0.08,28.25,0.1,24.75,11.3322,0.06,61.5,0.319,28.3,0.025,12.5,18.1785,0.0285,430.0,0.3875,16.5,0.0,0.45,7.26,0.03,58.0,0.23,24.0,0.0,0.0,0.22,0.0132,140.0,0.132,3.0,0.5,1.8917
597,7x24,2023-03-17 12:09:01+00:00,2023-09-01 00:00:00+00:00,18.4475,0.051,226.0,0.22,28.45,0.025,26.5,0.42,0.0,24.0,24.0,0.07,6.0,6.0,4.82625,0.005,46.5,0.08,28.25,0.1,24.75,11.3322,0.06,61.5,0.319,28.3,0.025,12.5,18.1785,0.0285,430.0,0.3875,16.5,0.0,0.45,7.26,0.03,58.0,0.23,24.0,0.0,0.0,0.22,0.0132,140.0,0.132,3.0,0.5,1.8917
598,7x24,2023-03-17 12:09:01+00:00,2023-10-01 00:00:00+00:00,18.4475,0.051,226.0,0.22,28.45,0.025,26.5,0.42,0.0,24.0,24.0,0.07,6.0,6.0,4.82625,0.005,46.5,0.08,28.25,0.1,24.75,11.3322,0.06,61.5,0.319,28.3,0.025,12.5,18.1785,0.0285,430.0,0.3875,16.5,0.0,0.45,7.26,0.03,58.0,0.23,24.0,0.0,0.0,0.22,0.0132,140.0,0.132,3.0,0.5,1.8917
599,7x24,2023-03-17 12:09:01+00:00,2023-11-01 00:00:00+00:00,18.4475,0.051,226.0,0.22,28.45,0.025,26.5,0.42,0.0,24.0,24.0,0.07,6.0,6.0,4.82625,0.005,46.5,0.08,28.25,0.1,24.75,11.3322,0.06,61.5,0.319,28.3,0.025,12.5,18.1785,0.0285,430.0,0.3875,16.5,0.0,0.45,7.26,0.03,58.0,0.23,24.0,0.0,0.0,0.22,0.0132,140.0,0.132,3.0,0.5,1.8917
600,7x24,2023-03-17 12:09:01+00:00,2023-12-01 00:00:00+00:00,18.4475,0.051,226.0,0.22,28.45,0.025,26.5,0.42,0.0,24.0,24.0,0.07,6.0,6.0,4.82625,0.005,46.5,0.08,28.25,0.1,24.75,11.3322,0.06,61.5,0.319,28.3,0.025,12.5,18.1785,0.0285,430.0,0.3875,16.5,0.0,0.45,7.26,0.03,58.0,0.23,24.0,0.0,0.0,0.22,0.0132,140.0,0.132,3.0,0.5,1.8917
601,7x24,2023-03-17 12:09:01+00:00,2024-01-01 00:00:00+00:00,18.4475,0.051,226.0,0.22,28.45,0.025,26.5,0.45,0.0,24.5,24.5,0.075,6.0,6.0,4.82625,0.005,46.5,0.08,28.25,0.1,24.75,11.5399,0.065,61.0,0.337,26.7,0.025,12.5,21.42,0.0315,430.0,0.45,17.5,0.0,0.45,7.26,0.03,58.0,0.23,24.0,0.0,0.0,0.22,0.0132,140.0,0.132,3.0,0.5,1.8917
602,7x24,2023-03-17 12:09:01+00:00,2024-02-01 00:00:00+00:00,18.4475,0.051,226.0,0.22,28.45,0.025,26.5,0.45,0.0,24.5,24.5,0.075,6.0,6.0,4.82625,0.005,46.5,0.08,28.25,0.1,24.75,11.5399,0.065,61.0,0.337,26.7,0.025,12.5,20.86875,0.0315,430.0,0.45,17.5,0.0,0.45,7.26,0.03,58.0,0.23,24.0,0.0,0.0,0.22,0.0132,140.0,0.132,3.0,0.5,1.8917
603,7x24,2023-03-17 12:09:01+00:00,2024-03-01 00:00:00+00:00,18.4475,0.051,226.0,0.22,28.45,0.025,26.5,0.45,0.0,24.5,24.5,0.075,6.0,6.0,4.82625,0.005,46.5,0.08,28.25,0.1,24.75,11.5399,0.065,61.0,0.337,26.7,0.025,12.5,20.86875,0.0315,430.0,0.45,17.5,0.0,0.45,7.26,0.03,58.0,0.23,24.0,0.0,0.0,0.22,0.0132,140.0,0.132,3.0,0.5,1.8917
604,7x24,2023-03-17 12:09:01+00:00,2024-04-01 00:00:00+00:00,18.4475,0.051,226.0,0.22,28.45,0.025,26.5,0.45,0.0,24.5,24.5,0.075,6.0,6.0,4.82625,0.005,46.5,0.08,28.25,0.1,24.75,11.5399,0.065,61.0,0.337,26.7,0.025,12.5,20.86875,0.0315,430.0,0.45,17.5,0.0,0.45,7.26,0.03,58.0,0.23,24.0,0.0,0.0,0.22,0.0132,140.0,0.132,3.0,0.5,1.8917
605,7x24,2023-03-17 12:09:01+00:00,2024-05-01 00:00:00+00:00,18.4475,0.051,226.0,0.22,28.45,0.025,26.5,0.45,0.0,24.5,24.5,0.075,6.0,6.0,4.82625,0.005,46.5,0.08,28.25,0.1,24.75,11.5399,0.065,61.0,0.337,26.7,0.025,12.5,20.86875,0.0315,430.0,0.45,17.5,0.0,0.45,7.26,0.03,58.0,0.23,24.0,0.0,0.0,0.22,0.0132,140.0,0.132,3.0,0.5,1.8917
606,7x24,2023-03-17 12:09:01+00:00,2024-06-01 00:00:00+00:00,18.9905,0.049,217.0,0.27,28.5,0.025,26.5,0.45,0.0,24.5,24.5,0.075,6.0,6.0,4.69875,0.005,43.5,0.08,26.75,0.1,24.75,11.5399,0.065,61.0,0.337,26.7,0.025,12.5,20.86875,0.0315,430.0,0.45,17.5,0.0,0.45,7.765,0.0325,58.0,0.24,24.5,0.0,0.0,0.235,0.0141,140.0,0.141,3.0,0.5,1.8917
607,7x24,2023-03-17 12:09:01+00:00,2024-07-01 00:00:00+00:00,18.9905,0.049,217.0,0.27,28.5,0.025,26.5,0.45,0.0,24.5,24.5,0.075,6.0,6.0,4.69875,0.005,43.5,0.08,26.75,0.1,24.75,11.5399,0.065,61.0,0.337,26.7,0.025,12.5,20.86875,0.0315,430.0,0.45,17.5,0.0,0.45,7.765,0.0325,58.0,0.24,24.5,0.0,0.0,0.235,0.0141,140.0,0.141,3.0,0.5,1.8917
608,7x24,2023-03-17 12:09:01+00:00,2024-08-01 00:00:00+00:00,18.9905,0.049,217.0,0.27,28.5,0.025,26.5,0.45,0.0,24.5,24.5,0.075,6.0,6.0,4.69875,0.005,43.5,0.08,26.75,0.1,24.75,11.5399,0.065,61.0,0.337,26.7,0.025,12.5,20.86875,0.0315,430.0,0.45,17.5,0.0,0.45,7.765,0.0325,58.0,0.24,24.5,0.0,0.0,0.235,0.0141,140.0,0.141,3.0,0.5,1.8917
609,7x24,2023-03-17 12:09:01+00:00,2024-09-01 00:00:00+00:00,18.9905,0.049,217.0,0.27,28.5,0.025,26.5,0.45,0.0,24.5,24.5,0.075,6.0,6.0,4.69875,0.005,43.5,0.08,26.75,0.1,24.75,11.5399,0.065,61.0,0.337,26.7,0.025,12.5,20.86875,0.0315,430.0,0.45,17.5,0.0,0.45,7.765,0.0325,58.0,0.24,24.5,0.0,0.0,0.235,0.0141,140.0,0.141,3.0,0.5,1.8917
610,7x24,2023-03-17 12:09:01+00:00,2024-10-01 00:00:00+00:00,18.9905,0.049,217.0,0.27,28.5,0.025,26.5,0.45,0.0,24.5,24.5,0.075,6.0,6.0,4.69875,0.005,43.5,0.08,26.75,0.1,24.75,11.5399,0.065,61.0,0.337,26.7,0.025,12.5,20.86875,0.0315,430.0,0.45,17.5,0.0,0.45,7.765,0.0325,58.0,0.24,24.5,0.0,0.0,0.235,0.0141,140.0,0.141,3.0,0.5,1.8917
611,7x24,2023-03-17 12:09:01+00:00,2024-11-01 00:00:00+00:00,18.9905,0.049,217.0,0.27,28.5,0.025,26.5,0.45,0.0,24.5,24.5,0.075,6.0,6.0,4.69875,0.005,43.5,0.08,26.75,0.1,24.75,11.5399,0.065,61.0,0.337,26.7,0.025,12.5,20.86875,0.0315,430.0,0.45,17.5,0.0,0.45,7.765,0.0325,58.0,0.24,24.5,0.0,0.0,0.235,0.0141,140.0,0.141,3.0,0.5,1.8917
612,7x24,2023-03-17 12:09:01+00:00,2024-12-01 00:00:00+00:00,18.9905,0.049,217.0,0.27,28.5,0.025,26.5,0.45,0.0,24.5,24.5,0.075,6.0,6.0,4.69875,0.005,43.5,0.08,26.75,0.1,24.75,11.5399,0.065,61.0,0.337,26.7,0.025,12.5,20.86875,0.0315,430.0,0.45,17.5,0.0,0.45,7.765,0.0325,58.0,0.24,24.5,0.0,0.0,0.235,0.0141,140.0,0.141,3.0,0.5,1.8917
613,7x24,2023-03-17 12:09:01+00:00,2025-01-01 00:00:00+00:00,18.9905,0.049,217.0,0.27,28.5,0.025,26.5,0.48,0.0,25.0,25.0,0.08,6.0,6.0,4.69875,0.005,43.5,0.08,26.75,0.1,24.75,11.28,0.07,61.0,0.355,23.5,0.025,12.5,24.195,0.0345,430.0,0.52,18.0,0.0,0.45,7.765,0.0325,58.0,0.24,24.5,0.0,0.0,0.235,0.0141,140.0,0.141,3.0,0.5,1.8917
614,7x24,2023-03-17 12:09:01+00:00,2025-02-01 00:00:00+00:00,18.9905,0.049,217.0,0.27,28.5,0.025,26.5,0.48,0.0,25.0,25.0,0.08,6.0,6.0,4.69875,0.005,43.5,0.08,26.75,0.1,24.75,11.28,0.07,61.0,0.355,23.5,0.025,12.5,23.574,0.0345,430.0,0.52,18.0,0.0,0.45,7.765,0.0325,58.0,0.24,24.5,0.0,0.0,0.235,0.0141,140.0,0.141,3.0,0.5,1.8917
615,7x24,2023-03-17 12:09:01+00:00,2025-03-01 00:00:00+00:00,18.9905,0.049,217.0,0.27,28.5,0.025,26.5,0.48,0.0,25.0,25.0,0.08,6.0,6.0,4.69875,0.005,43.5,0.08,26.75,0.1,24.75,11.28,0.07,61.0,0.355,23.5,0.025,12.5,23.574,0.0345,430.0,0.52,18.0,0.0,0.45,7.765,0.0325,58.0,0.24,24.5,0.0,0.0,0.235,0.0141,140.0,0.141,3.0,0.5,1.8917
616,7x24,2023-03-17 12:09:01+00:00,2025-04-01 00:00:00+00:00,18.9905,0.049,217.0,0.27,28.5,0.025,26.5,0.48,0.0,25.0,25.0,0.08,6.0,6.0,4.69875,0.005,43.5,0.08,26.75,0.1,24.75,11.28,0.07,61.0,0.355,23.5,0.025,12.5,23.574,0.0345,430.0,0.52,18.0,0.0,0.45,7.765,0.0325,58.0,0.24,24.5,0.0,0.0,0.235,0.0141,140.0,0.141,3.0,0.5,1.8917
617,7x24,2023-03-17 12:09:01+00:00,2025-05-01 00:00:00+00:00,18.9905,0.049,217.0,0.27,28.5,0.025,26.5,0.48,0.0,25.0,25.0,0.08,6.0,6.0,4.69875,0.005,43.5,0.08,26.75,0.1,24.75,11.28,0.07,61.0,0.355,23.5,0.025,12.5,23.574,0.0345,430.0,0.52,18.0,0.0,0.45,7.765,0.0325,58.0,0.24,24.5,0.0,0.0,0.235,0.0141,140.0,0.141,3.0,0.5,1.8917
618,7x24,2023-03-17 12:09:01+00:00,2025-06-01 00:00:00+00:00,20.449,0.048,205.5,0.35,28.35,0.025,26.5,0.48,0.0,25.0,25.0,0.08,6.0,6.0,4.70625,0.005,40.0,0.08,26.75,0.1,25.0,11.28,0.07,61.0,0.355,23.5,0.025,12.5,23.574,0.0345,430.0,0.52,18.0,0.0,0.45,8.28,0.035,58.0,0.25,25.0,0.0,0.0,0.25,0.015,140.0,0.15,3.0,0.5,1.8917
619,7x24,2023-03-17 12:09:01+00:00,2025-07-01 00:00:00+00:00,20.449,0.048,205.5,0.35,28.35,0.025,26.5,0.48,0.0,25.0,25.0,0.08,6.0,6.0,4.69875,0.005,43.5,0.08,26.75,0.1,24.75,11.28,0.07,61.0,0.355,23.5,0.025,12.5,23.574,0.0345,430.0,0.52,18.0,0.0,0.45,8.28,0.035,58.0,0.25,25.0,0.0,0.0,0.25,0.015,140.0,0.15,3.0,0.5,1.8917
620,7x24,2023-03-17 12:09:01+00:00,2025-08-01 00:00:00+00:00,20.449,0.048,205.5,0.35,28.35,0.025,26.5,0.48,0.0,25.0,25.0,0.08,6.0,6.0,4.69875,0.005,43.5,0.08,26.75,0.1,24.75,11.28,0.07,61.0,0.355,23.5,0.025,12.5,23.574,0.0345,430.0,0.52,18.0,0.0,0.45,8.28,0.035,58.0,0.25,25.0,0.0,0.0,0.25,0.015,140.0,0.15,3.0,0.5,1.8917
621,7x24,2023-03-17 12:09:01+00:00,2025-09-01 00:00:00+00:00,20.449,0.048,205.5,0.35,28.35,0.025,26.5,0.48,0.0,25.0,25.0,0.08,6.0,6.0,4.69875,0.005,43.5,0.08,26.75,0.1,24.75,11.28,0.07,61.0,0.355,23.5,0.025,12.5,23.574,0.0345,430.0,0.52,18.0,0.0,0.45,8.28,0.035,58.0,0.25,25.0,0.0,0.0,0.25,0.015,140.0,0.15,3.0,0.5,1.8917
622,7x24,2023-03-17 12:09:01+00:00,2025-10-01 00:00:00+00:00,20.449,0.048,205.5,0.35,28.35,0.025,26.5,0.48,0.0,25.0,25.0,0.08,6.0,6.0,4.69875,0.005,43.5,0.08,26.75,0.1,24.75,11.28,0.07,61.0,0.355,23.5,0.025,12.5,23.574,0.0345,430.0,0.52,18.0,0.0,0.45,8.28,0.035,58.0,0.25,25.0,0.0,0.0,0.25,0.015,140.0,0.15,3.0,0.5,1.8917
623,7x24,2023-03-17 12:09:01+00:00,2025-11-01 00:00:00+00:00,20.449,0.048,205.5,0.35,28.35,0.025,26.5,0.48,0.0,25.0,25.0,0.08,6.0,6.0,4.69875,0.005,43.5,0.08,26.75,0.1,24.75,11.28,0.07,61.0,0.355,23.5,0.025,12.5,23.574,0.0345,430.0,0.52,18.0,0.0,0.45,8.28,0.035,58.0,0.25,25.0,0.0,0.0,0.25,0.015,140.0,0.15,3.0,0.5,1.8917
624,7x24,2023-03-17 12:09:01+00:00,2025-12-01 00:00:00+00:00,20.449,0.048,205.5,0.35,28.35,0.025,26.5,0.48,0.0,25.0,25.0,0.08,6.0,6.0,4.69875,0.005,43.5,0.08,26.75,0.1,24.75,11.28,0.07,61.0,0.355,23.5,0.025,12.5,23.574,0.0345,430.0,0.52,18.0,0.0,0.45,8.28,0.035,58.0,0.25,25.0,0.0,0.0,0.25,0.015,140.0,0.15,3.0,0.5,1.8917
625,7x24,2023-03-17 12:09:01+00:00,2026-01-01 00:00:00+00:00,20.449,0.048,205.5,0.35,28.35,0.025,26.5,0.51,0.0,25.0,25.0,0.085,6.0,6.0,4.69875,0.005,43.5,0.08,26.75,0.1,24.75,12.2425,0.08,61.0,0.38,23.5,0.025,12.5,26.5575,0.0375,425.0,0.59,18.0,0.0,0.45,8.28,0.035,58.0,0.25,25.0,0.0,0.0,0.25,0.015,140.0,0.15,3.0,0.5,1.8917
626,7x24,2023-03-17 12:09:01+00:00,2026-02-01 00:00:00+00:00,20.449,0.048,205.5,0.35,28.35,0.025,26.5,0.51,0.0,25.0,25.0,0.085,6.0,6.0,4.69875,0.005,43.5,0.08,26.75,0.1,24.75,12.2425,0.08,61.0,0.38,23.5,0.025,12.5,25.8825,0.0375,425.0,0.59,18.0,0.0,0.45,8.28,0.035,58.0,0.25,25.0,0.0,0.0,0.25,0.015,140.0,0.15,3.0,0.5,1.8917
627,7x24,2023-03-17 12:09:01+00:00,2026-03-01 00:00:00+00:00,20.449,0.048,205.5,0.35,28.35,0.025,26.5,0.51,0.0,25.0,25.0,0.085,6.0,6.0,4.69875,0.005,43.5,0.08,26.75,0.1,24.75,12.2425,0.08,61.0,0.38,23.5,0.025,12.5,25.8825,0.0375,425.0,0.59,18.0,0.0,0.45,8.28,0.035,58.0,0.25,25.0,0.0,0.0,0.25,0.015,140.0,0.15,3.0,0.5,1.8917
628,7x24,2023-03-17 12:09:01+00:00,2026-04-01 00:00:00+00:00,20.449,0.048,205.5,0.35,28.35,0.025,26.5,0.51,0.0,25.0,25.0,0.085,6.0,6.0,4.69875,0.005,43.5,0.08,26.75,0.1,24.75,12.2425,0.08,61.0,0.38,23.5,0.025,12.5,25.8825,0.0375,425.0,0.59,18.0,0.0,0.45,8.28,0.035,58.0,0.25,25.0,0.0,0.0,0.25,0.015,140.0,0.15,3.0,0.5,1.8917
629,7x24,2023-03-17 12:09:01+00:00,2026-05-01 00:00:00+00:00,20.449,0.048,205.5,0.35,28.35,0.025,26.5,0.51,0.0,25.0,25.0,0.085,6.0,6.0,4.69875,0.005,43.5,0.08,26.75,0.1,24.75,12.2425,0.08,61.0,0.38,23.5,0.025,12.5,25.8825,0.0375,425.0,0.59,18.0,0.0,0.45,8.28,0.035,58.0,0.25,25.0,0.0,0.0,0.25,0.015,140.0,0.15,3.0,0.5,1.8917
630,7x24,2023-03-17 12:09:01+00:00,2026-06-01 00:00:00+00:00,19.3725,0.045,192.0,0.38,26.5,0.025,26.5,0.51,0.0,25.0,25.0,0.085,6.0,6.0,4.65625,0.005,30.0,0.08,26.75,0.1,25.0,12.2425,0.08,61.0,0.38,23.5,0.025,12.5,25.8825,0.0375,425.0,0.59,18.0,0.0,0.45,8.55,0.0375,58.0,0.255,25.0,0.0,0.0,0.25,0.015,140.0,0.15,3.0,0.5,1.8917
631,7x24,2023-03-17 12:09:01+00:00,2026-07-01 00:00:00+00:00,19.3725,0.045,192.0,0.38,26.5,0.025,26.5,0.51,0.0,25.0,25.0,0.085,6.0,6.0,4.69875,0.005,43.5,0.08,26.75,0.1,24.75,12.2425,0.08,61.0,0.38,23.5,0.025,12.5,25.8825,0.0375,425.0,0.59,18.0,0.0,0.45,8.55,0.0375,58.0,0.255,25.0,0.0,0.0,0.25,0.015,140.0,0.15,3.0,0.5,1.8917
632,7x24,2023-03-17 12:09:01+00:00,2026-08-01 00:00:00+00:00,19.3725,0.045,192.0,0.38,26.5,0.025,26.5,0.51,0.0,25.0,25.0,0.085,6.0,6.0,4.69875,0.005,43.5,0.08,26.75,0.1,24.75,12.2425,0.08,61.0,0.38,23.5,0.025,12.5,25.8825,0.0375,425.0,0.59,18.0,0.0,0.45,8.55,0.0375,58.0,0.255,25.0,0.0,0.0,0.25,0.015,140.0,0.15,3.0,0.5,1.8917
633,7x24,2023-03-17 12:09:01+00:00,2026-09-01 00:00:00+00:00,19.3725,0.045,192.0,0.38,26.5,0.025,26.5,0.51,0.0,25.0,25.0,0.085,6.0,6.0,4.69875,0.005,43.5,0.08,26.75,0.1,24.75,12.2425,0.08,61.0,0.38,23.5,0.025,12.5,25.8825,0.0375,425.0,0.59,18.0,0.0,0.45,8.55,0.0375,58.0,0.255,25.0,0.0,0.0,0.25,0.015,140.0,0.15,3.0,0.5,1.8917
634,7x24,2023-03-17 12:09:01+00:00,2026-10-01 00:00:00+00:00,19.3725,0.045,192.0,0.38,26.5,0.025,26.5,0.51,0.0,25.0,25.0,0.085,6.0,6.0,4.69875,0.005,43.5,0.08,26.75,0.1,24.75,12.2425,0.08,61.0,0.38,23.5,0.025,12.5,25.8825,0.0375,425.0,0.59,18.0,0.0,0.45,8.55,0.0375,58.0,0.255,25.0,0.0,0.0,0.25,0.015,140.0,0.15,3.0,0.5,1.8917
635,7x24,2023-03-17 12:09:01+00:00,2026-11-01 00:00:00+00:00,19.3725,0.045,192.0,0.38,26.5,0.025,26.5,0.51,0.0,25.0,25.0,0.085,6.0,6.0,4.69875,0.005,43.5,0.08,26.75,0.1,24.75,12.2425,0.08,61.0,0.38,23.5,0.025,12.5,25.8825,0.0375,425.0,0.59,18.0,0.0,0.45,8.55,0.0375,58.0,0.255,25.0,0.0,0.0,0.25,0.015,140.0,0.15,3.0,0.5,1.8917
636,7x24,2023-03-17 12:09:01+00:00,2026-12-01 00:00:00+00:00,19.3725,0.045,192.0,0.38,26.5,0.025,26.5,0.51,0.0,25.0,25.0,0.085,6.0,6.0,4.69875,0.005,43.5,0.08,26.75,0.1,24.75,12.2425,0.08,61.0,0.38,23.5,0.025,12.5,25.8825,0.0375,425.0,0.59,18.0,0.0,0.45,8.55,0.0375,58.0,0.255,25.0,0.0,0.0,0.25,0.015,140.0,0.15,3.0,0.5,1.8917
637,7x24,2023-03-17 12:09:01+00:00,2027-01-01 00:00:00+00:00,19.3725,0.045,192.0,0.38,26.5,0.025,26.5,0.51,0.0,25.0,25.0,0.085,6.0,6.0,4.69875,0.005,43.5,0.08,26.75,0.1,24.75,13.6275,0.095,61.0,0.415,23.5,0.025,12.5,28.075,0.041,395.0,0.66,18.0,0.0,0.45,8.55,0.0375,58.0,0.255,25.0,0.0,0.0,0.25,0.015,140.0,0.15,3.0,0.5,1.8917
638,7x24,2023-03-17 12:09:01+00:00,2027-02-01 00:00:00+00:00,19.3725,0.045,192.0,0.38,26.5,0.025,26.5,0.51,0.0,25.0,25.0,0.085,6.0,6.0,4.69875,0.005,43.5,0.08,26.75,0.1,24.75,13.6275,0.095,61.0,0.415,23.5,0.025,12.5,27.337,0.041,395.0,0.66,18.0,0.0,0.45,8.55,0.0375,58.0,0.255,25.0,0.0,0.0,0.25,0.015,140.0,0.15,3.0,0.5,1.8917
639,7x24,2023-03-17 12:09:01+00:00,2027-03-01 00:00:00+00:00,19.3725,0.045,192.0,0.38,26.5,0.025,26.5,0.51,0.0,25.0,25.0,0.085,6.0,6.0,4.69875,0.005,43.5,0.08,26.75,0.1,24.75,13.6275,0.095,61.0,0.415,23.5,0.025,12.5,27.337,0.041,395.0,0.66,18.0,0.0,0.45,8.55,0.0375,58.0,0.255,25.0,0.0,0.0,0.25,0.015,140.0,0.15,3.0,0.5,1.8917
640,7x24,2023-03-17 12:09:01+00:00,2027-04-01 00:00:00+00:00,19.3725,0.045,192.0,0.38,26.5,0.025,26.5,0.51,0.0,25.0,25.0,0.085,6.0,6.0,4.69875,0.005,43.5,0.08,26.75,0.1,24.75,13.6275,0.095,61.0,0.415,23.5,0.025,12.5,27.337,0.041,395.0,0.66,18.0,0.0,0.45,8.55,0.0375,58.0,0.255,25.0,0.0,0.0,0.25,0.015,140.0,0.15,3.0,0.5,1.8917
641,7x24,2023-03-17 12:09:01+00:00,2027-05-01 00:00:00+00:00,19.3725,0.045,192.0,0.38,26.5,0.025,26.5,0.51,0.0,25.0,25.0,0.085,6.0,6.0,4.69875,0.005,43.5,0.08,26.75,0.1,24.75,13.6275,0.095,61.0,0.415,23.5,0.025,12.5,27.337,0.041,395.0,0.66,18.0,0.0,0.45,8.55,0.0375,58.0,0.255,25.0,0.0,0.0,0.25,0.015,140.0,0.15,3.0,0.5,1.8917
642,7x24,2023-03-17 12:09:01+00:00,2027-06-01 00:00:00+00:00,19.202,0.0435,177.0,0.41,26.5,0.025,25.5,0.51,0.0,25.0,25.0,0.085,6.0,6.0,4.65625,0.005,30.0,0.08,26.75,0.1,25.0,13.6275,0.095,61.0,0.415,23.5,0.025,12.5,27.337,0.041,395.0,0.66,18.0,0.0,0.45,8.82,0.04,58.0,0.26,25.0,0.0,0.0,0.25,0.015,140.0,0.15,3.0,0.5,1.8917
643,7x24,2023-03-17 12:09:01+00:00,2027-07-01 00:00:00+00:00,19.202,0.0435,177.0,0.41,26.5,0.025,25.5,0.51,0.0,25.0,25.0,0.085,6.0,6.0,4.69875,0.005,43.5,0.08,26.75,0.1,24.75,13.6275,0.095,61.0,0.415,23.5,0.025,12.5,27.337,0.041,395.0,0.66,18.0,0.0,0.45,8.82,0.04,58.0,0.26,25.0,0.0,0.0,0.25,0.015,140.0,0.15,3.0,0.5,1.8917
644,7x24,2023-03-17 12:09:01+00:00,2027-08-01 00:00:00+00:00,19.202,0.0435,177.0,0.41,26.5,0.025,25.5,0.51,0.0,25.0,25.0,0.085,6.0,6.0,4.69875,0.005,43.5,0.08,26.75,0.1,24.75,13.6275,0.095,61.0,0.415,23.5,0.025,12.5,27.337,0.041,395.0,0.66,18.0,0.0,0.45,8.82,0.04,58.0,0.26,25.0,0.0,0.0,0.25,0.015,140.0,0.15,3.0,0.5,1.8917
645,7x24,2023-03-17 12:09:01+00:00,2027-09-01 00:00:00+00:00,19.202,0.0435,177.0,0.41,26.5,0.025,25.5,0.51,0.0,25.0,25.0,0.085,6.0,6.0,4.69875,0.005,43.5,0.08,26.75,0.1,24.75,13.6275,0.095,61.0,0.415,23.5,0.025,12.5,27.337,0.041,395.0,0.66,18.0,0.0,0.45,8.82,0.04,58.0,0.26,25.0,0.0,0.0,0.25,0.015,140.0,0.15,3.0,0.5,1.8917
646,7x24,2023-03-17 12:09:01+00:00,2027-10-01 00:00:00+00:00,19.202,0.0435,177.0,0.41,26.5,0.025,25.5,0.51,0.0,25.0,25.0,0.085,6.0,6.0,4.69875,0.005,43.5,0.08,26.75,0.1,24.75,13.6275,0.095,61.0,0.415,23.5,0.025,12.5,27.337,0.041,395.0,0.66,18.0,0.0,0.45,8.82,0.04,58.0,0.26,25.0,0.0,0.0,0.25,0.015,140.0,0.15,3.0,0.5,1.8917
647,7x24,2023-03-17 12:09:01+00:00,2027-11-01 00:00:00+00:00,19.202,0.0435,177.0,0.41,26.5,0.025,25.5,0.51,0.0,25.0,25.0,0.085,6.0,6.0,4.69875,0.005,43.5,0.08,26.75,0.1,24.75,13.6275,0.095,61.0,0.415,23.5,0.025,12.5,27.337,0.041,395.0,0.66,18.0,0.0,0.45,8.82,0.04,58.0,0.26,25.0,0.0,0.0,0.25,0.015,140.0,0.15,3.0,0.5,1.8917
648,7x24,2023-03-17 12:09:01+00:00,2027-12-01 00:00:00+00:00,19.202,0.0435,177.0,0.41,26.5,0.025,25.5,0.51,0.0,25.0,25.0,0.085,6.0,6.0,4.69875,0.005,43.5,0.08,26.75,0.1,24.75,13.6275,0.095,61.0,0.415,23.5,0.025,12.5,27.337,0.041,395.0,0.66,18.0,0.0,0.45,8.82,0.04,58.0,0.26,25.0,0.0,0.0,0.25,0.015,140.0,0.15,3.0,0.5,1.8917
649,7x24,2023-03-17 12:09:01+00:00,2028-01-01 00:00:00+00:00,19.202,0.0435,177.0,0.41,26.5,0.025,25.5,0.51,0.0,25.0,25.0,0.085,6.0,6.0,4.69875,0.005,43.5,0.08,26.75,0.1,24.75,14.5425,0.11,61.0,0.43,23.5,0.025,12.5,19.035,0.045,395.0,0.07,18.0,0.0,0.45,8.82,0.04,58.0,0.26,25.0,0.0,0.0,0.25,0.015,140.0,0.15,3.0,0.5,1.8917
650,7x24,2023-03-17 12:09:01+00:00,2028-02-01 00:00:00+00:00,19.202,0.0435,177.0,0.41,26.5,0.025,25.5,0.51,0.0,25.0,25.0,0.085,6.0,6.0,4.69875,0.005,43.5,0.08,26.75,0.1,24.75,14.5425,0.11,61.0,0.43,23.5,0.025,12.5,18.225,0.045,395.0,0.07,18.0,0.0,0.45,8.82,0.04,58.0,0.26,25.0,0.0,0.0,0.25,0.015,140.0,0.15,3.0,0.5,1.8917
651,7x24,2023-03-17 12:09:01+00:00,2028-03-01 00:00:00+00:00,19.202,0.0435,177.0,0.41,26.5,0.025,25.5,0.51,0.0,25.0,25.0,0.085,6.0,6.0,4.69875,0.005,43.5,0.08,26.75,0.1,24.75,14.5425,0.11,61.0,0.43,23.5,0.025,12.5,18.225,0.045,395.0,0.07,18.0,0.0,0.45,8.82,0.04,58.0,0.26,25.0,0.0,0.0,0.25,0.015,140.0,0.15,3.0,0.5,1.8917
652,7x24,2023-03-17 12:09:01+00:00,2028-04-01 00:00:00+00:00,19.202,0.0435,177.0,0.41,26.5,0.025,25.5,0.51,0.0,25.0,25.0,0.085,6.0,6.0,4.69875,0.005,43.5,0.08,26.75,0.1,24.75,14.5425,0.11,61.0,0.43,23.5,0.025,12.5,18.225,0.045,395.0,0.07,18.0,0.0,0.45,8.82,0.04,58.0,0.26,25.0,0.0,0.0,0.25,0.015,140.0,0.15,3.0,0.5,1.8917
653,7x24,2023-03-17 12:09:01+00:00,2028-05-01 00:00:00+00:00,19.202,0.0435,177.0,0.41,26.5,0.025,25.5,0.51,0.0,25.0,25.0,0.085,6.0,6.0,4.69875,0.005,43.5,0.08,26.75,0.1,24.75,14.5425,0.11,61.0,0.43,23.5,0.025,12.5,18.225,0.045,395.0,0.07,18.0,0.0,0.45,8.82,0.04,58.0,0.26,25.0,0.0,0.0,0.25,0.015,140.0,0.15,3.0,0.5,1.8917
654,7x24,2023-03-17 12:09:01+00:00,2028-06-01 00:00:00+00:00,18.1068,0.0374,157.0,0.44,26.5,0.025,23.0,0.51,0.0,25.0,25.0,0.085,6.0,6.0,4.65625,0.005,30.0,0.08,26.75,0.1,25.0,14.5425,0.11,61.0,0.43,23.5,0.025,12.5,18.225,0.045,395.0,0.07,18.0,0.0,0.45,8.84,0.0425,58.0,0.255,25.0,0.0,0.0,0.25,0.015,140.0,0.15,3.0,0.5,1.8917
655,7x24,2023-03-17 12:09:01+00:00,2028-07-01 00:00:00+00:00,18.1068,0.0374,157.0,0.44,26.5,0.025,23.0,0.51,0.0,25.0,25.0,0.085,6.0,6.0,4.69875,0.005,43.5,0.08,26.75,0.1,24.75,14.5425,0.11,61.0,0.43,23.5,0.025,12.5,18.225,0.045,395.0,0.07,18.0,0.0,0.45,8.84,0.0425,58.0,0.255,25.0,0.0,0.0,0.25,0.015,140.0,0.15,3.0,0.5,1.8917
656,7x24,2023-03-17 12:09:01+00:00,2028-08-01 00:00:00+00:00,18.1068,0.0374,157.0,0.44,26.5,0.025,23.0,0.51,0.0,25.0,25.0,0.085,6.0,6.0,4.69875,0.005,43.5,0.08,26.75,0.1,24.75,14.5425,0.11,61.0,0.43,23.5,0.025,12.5,18.225,0.045,395.0,0.07,18.0,0.0,0.45,8.84,0.0425,58.0,0.255,25.0,0.0,0.0,0.25,0.015,140.0,0.15,3.0,0.5,1.8917
657,7x24,2023-03-17 12:09:01+00:00,2028-09-01 00:00:00+00:00,18.1068,0.0374,157.0,0.44,26.5,0.025,23.0,0.51,0.0,25.0,25.0,0.085,6.0,6.0,4.69875,0.005,43.5,0.08,26.75,0.1,24.75,14.5425,0.11,61.0,0.43,23.5,0.025,12.5,18.225,0.045,395.0,0.07,18.0,0.0,0.45,8.84,0.0425,58.0,0.255,25.0,0.0,0.0,0.25,0.015,140.0,0.15,3.0,0.5,1.8917
658,7x24,2023-03-17 12:09:01+00:00,2028-10-01 00:00:00+00:00,18.1068,0.0374,157.0,0.44,26.5,0.025,23.0,0.51,0.0,25.0,25.0,0.085,6.0,6.0,4.69875,0.005,43.5,0.08,26.75,0.1,24.75,14.5425,0.11,61.0,0.43,23.5,0.025,12.5,18.225,0.045,395.0,0.07,18.0,0.0,0.45,8.84,0.0425,58.0,0.255,25.0,0.0,0.0,0.25,0.015,140.0,0.15,3.0,0.5,1.8917
659,7x24,2023-03-17 12:09:01+00:00,2028-11-01 00:00:00+00:00,18.1068,0.0374,157.0,0.44,26.5,0.025,23.0,0.51,0.0,25.0,25.0,0.085,6.0,6.0,4.69875,0.005,43.5,0.08,26.75,0.1,24.75,14.5425,0.11,61.0,0.43,23.5,0.025,12.5,18.225,0.045,395.0,0.07,18.0,0.0,0.45,8.84,0.0425,58.0,0.255,25.0,0.0,0.0,0.25,0.015,140.0,0.15,3.0,0.5,1.8917
660,7x24,2023-03-17 12:09:01+00:00,2028-12-01 00:00:00+00:00,18.1068,0.0374,157.0,0.44,26.5,0.025,23.0,0.51,0.0,25.0,25.0,0.085,6.0,6.0,4.69875,0.005,43.5,0.08,26.75,0.1,24.75,14.5425,0.11,61.0,0.43,23.5,0.025,12.5,18.225,0.045,395.0,0.07,18.0,0.0,0.45,8.84,0.0425,58.0,0.255,25.0,0.0,0.0,0.25,0.015,140.0,0.15,3.0,0.5,1.8917
661,7x24,2023-03-17 12:09:01+00:00,2029-01-01 00:00:00+00:00,18.1068,0.0374,157.0,0.44,26.5,0.025,23.0,0.51,0.0,25.0,25.0,0.085,6.0,6.0,4.69875,0.005,43.5,0.08,26.75,0.1,24.75,16.1625,0.125,61.0,0.475,23.5,0.025,12.5,33.1625,0.0475,395.0,0.8,18.0,0.0,0.45,8.84,0.0425,58.0,0.255,25.0,0.0,0.0,0.25,0.015,140.0,0.15,3.0,0.5,1.8917
662,7x24,2023-03-17 12:09:01+00:00,2029-02-01 00:00:00+00:00,18.1068,0.0374,157.0,0.44,26.5,0.025,23.0,0.51,0.0,25.0,25.0,0.085,6.0,6.0,4.69875,0.005,43.5,0.08,26.75,0.1,24.75,16.1625,0.125,61.0,0.475,23.5,0.025,12.5,32.3075,0.0475,395.0,0.8,18.0,0.0,0.45,8.84,0.0425,58.0,0.255,25.0,0.0,0.0,0.25,0.015,140.0,0.15,3.0,0.5,1.8917
663,7x24,2023-03-17 12:09:01+00:00,2029-03-01 00:00:00+00:00,18.1068,0.0374,157.0,0.44,26.5,0.025,23.0,0.51,0.0,25.0,25.0,0.085,6.0,6.0,4.69875,0.005,43.5,0.08,26.75,0.1,24.75,16.1625,0.125,61.0,0.475,23.5,0.025,12.5,32.3075,0.0475,395.0,0.8,18.0,0.0,0.45,8.84,0.0425,58.0,0.255,25.0,0.0,0.0,0.25,0.015,140.0,0.15,3.0,0.5,1.8917
664,7x24,2023-03-17 12:09:01+00:00,2029-04-01 00:00:00+00:00,18.1068,0.0374,157.0,0.44,26.5,0.025,23.0,0.51,0.0,25.0,25.0,0.085,6.0,6.0,4.69875,0.005,43.5,0.08,26.75,0.1,24.75,16.1625,0.125,61.0,0.475,23.5,0.025,12.5,32.3075,0.0475,395.0,0.8,18.0,0.0,0.45,8.84,0.0425,58.0,0.255,25.0,0.0,0.0,0.25,0.015,140.0,0.15,3.0,0.5,1.8917
665,7x24,2023-03-17 12:09:01+00:00,2029-05-01 00:00:00+00:00,18.1068,0.0374,157.0,0.44,26.5,0.025,23.0,0.51,0.0,25.0,25.0,0.085,6.0,6.0,4.69875,0.005,43.5,0.08,26.75,0.1,24.75,16.1625,0.125,61.0,0.475,23.5,0.025,12.5,32.3075,0.0475,395.0,0.8,18.0,0.0,0.45,8.84,0.0425,58.0,0.255,25.0,0.0,0.0,0.25,0.015,140.0,0.15,3.0,0.5,1.8917
666,7x24,2023-03-17 12:09:01+00:00,2029-06-01 00:00:00+00:00,16.4716,0.0307,138.0,0.44,26.5,0.025,23.0,0.51,0.0,25.0,25.0,0.085,6.0,6.0,4.65625,0.005,30.0,0.08,26.75,0.1,25.0,16.1625,0.125,61.0,0.475,23.5,0.025,12.5,32.3075,0.0475,395.0,0.8,18.0,0.0,0.45,9.11,0.045,58.0,0.26,25.0,0.0,0.0,0.25,0.015,140.0,0.15,3.0,0.5,1.8917
667,7x24,2023-03-17 12:09:01+00:00,2029-07-01 00:00:00+00:00,16.4716,0.0307,138.0,0.44,26.5,0.025,23.0,0.51,0.0,25.0,25.0,0.085,6.0,6.0,4.69875,0.005,43.5,0.08,26.75,0.1,24.75,16.1625,0.125,61.0,0.475,23.5,0.025,12.5,32.3075,0.0475,395.0,0.8,18.0,0.0,0.45,9.11,0.045,58.0,0.26,25.0,0.0,0.0,0.25,0.015,140.0,0.15,3.0,0.5,1.8917
668,7x24,2023-03-17 12:09:01+00:00,2029-08-01 00:00:00+00:00,16.4716,0.0307,138.0,0.44,26.5,0.025,23.0,0.51,0.0,25.0,25.0,0.085,6.0,6.0,4.69875,0.005,43.5,0.08,26.75,0.1,24.75,16.1625,0.125,61.0,0.475,23.5,0.025,12.5,32.3075,0.0475,395.0,0.8,18.0,0.0,0.45,9.11,0.045,58.0,0.26,25.0,0.0,0.0,0.25,0.015,140.0,0.15,3.0,0.5,1.8917
669,7x24,2023-03-17 12:09:01+00:00,2029-09-01 00:00:00+00:00,16.4716,0.0307,138.0,0.44,26.5,0.025,23.0,0.51,0.0,25.0,25.0,0.085,6.0,6.0,4.69875,0.005,43.5,0.08,26.75,0.1,24.75,16.1625,0.125,61.0,0.475,23.5,0.025,12.5,32.3075,0.0475,395.0,0.8,18.0,0.0,0.45,9.11,0.045,58.0,0.26,25.0,0.0,0.0,0.25,0.015,140.0,0.15,3.0,0.5,1.8917
670,7x24,2023-03-17 12:09:01+00:00,2029-10-01 00:00:00+00:00,16.4716,0.0307,138.0,0.44,26.5,0.025,23.0,0.51,0.0,25.0,25.0,0.085,6.0,6.0,4.69875,0.005,43.5,0.08,26.75,0.1,24.75,16.1625,0.125,61.0,0.475,23.5,0.025,12.5,32.3075,0.0475,395.0,0.8,18.0,0.0,0.45,9.11,0.045,58.0,0.26,25.0,0.0,0.0,0.25,0.015,140.0,0.15,3.0,0.5,1.8917
671,7x24,2023-03-17 12:09:01+00:00,2029-11-01 00:00:00+00:00,16.4716,0.0307,138.0,0.44,26.5,0.025,23.0,0.51,0.0,25.0,25.0,0.085,6.0,6.0,4.69875,0.005,43.5,0.08,26.75,0.1,24.75,16.1625,0.125,61.0,0.475,23.5,0.025,12.5,32.3075,0.0475,395.0,0.8,18.0,0.0,0.45,9.11,0.045,58.0,0.26,25.0,0.0,0.0,0.25,0.015,140.0,0.15,3.0,0.5,1.8917
672,7x24,2023-03-17 12:09:01+00:00,2029-12-01 00:00:00+00:00,16.4716,0.0307,138.0,0.44,26.5,0.025,23.0,0.51,0.0,25.0,25.0,0.085,6.0,6.0,4.69875,0.005,43.5,0.08,26.75,0.1,24.75,16.1625,0.125,61.0,0.475,23.5,0.025,12.5,32.3075,0.0475,395.0,0.8,18.0,0.0,0.45,9.11,0.045,58.0,0.26,25.0,0.0,0.0,0.25,0.015,140.0,0.15,3.0,0.5,1.8917
673,7x24,2023-03-17 12:09:01+00:00,2030-01-01 00:00:00+00:00,16.4716,0.0307,138.0,0.44,26.5,0.025,23.0,0.51,0.0,25.0,25.0,0.085,6.0,6.0,4.69875,0.005,43.5,0.08,26.75,0.1,24.75,17.5,0.145,61.0,0.5,23.5,0.025,12.5,35.41,0.05,395.0,0.87,18.0,0.0,0.45,9.11,0.045,58.0,0.26,25.0,0.0,0.0,0.25,0.015,140.0,0.15,3.0,0.5,1.8917
674,7x24,2023-03-17 12:09:01+00:00,2030-02-01 00:00:00+00:00,16.4716,0.0307,138.0,0.44,26.5,0.025,23.0,0.51,0.0,25.0,25.0,0.085,6.0,6.0,4.69875,0.005,43.5,0.08,26.75,0.1,24.75,17.5,0.145,61.0,0.5,23.5,0.025,12.5,34.51,0.05,395.0,0.87,18.0,0.0,0.45,9.11,0.045,58.0,0.26,25.0,0.0,0.0,0.25,0.015,140.0,0.15,3.0,0.5,1.8917
675,7x24,2023-03-17 12:09:01+00:00,2030-03-01 00:00:00+00:00,16.4716,0.0307,138.0,0.44,26.5,0.025,23.0,0.51,0.0,25.0,25.0,0.085,6.0,6.0,4.69875,0.005,43.5,0.08,26.75,0.1,24.75,17.5,0.145,61.0,0.5,23.5,0.025,12.5,34.51,0.05,395.0,0.87,18.0,0.0,0.45,9.11,0.045,58.0,0.26,25.0,0.0,0.0,0.25,0.015,140.0,0.15,3.0,0.5,1.8917
676,7x24,2023-03-17 12:09:01+00:00,2030-04-01 00:00:00+00:00,16.4716,0.0307,138.0,0.44,26.5,0.025,23.0,0.51,0.0,25.0,25.0,0.085,6.0,6.0,4.69875,0.005,43.5,0.08,26.75,0.1,24.75,17.5,0.145,61.0,0.5,23.5,0.025,12.5,34.51,0.05,395.0,0.87,18.0,0.0,0.45,9.11,0.045,58.0,0.26,25.0,0.0,0.0,0.25,0.015,140.0,0.15,3.0,0.5,1.8917
677,7x24,2023-03-17 12:09:01+00:00,2030-05-01 00:00:00+00:00,16.4716,0.0307,138.0,0.44,26.5,0.025,23.0,0.51,0.0,25.0,25.0,0.085,6.0,6.0,4.69875,0.005,43.5,0.08,26.75,0.1,24.75,17.5,0.145,61.0,0.5,23.5,0.025,12.5,34.51,0.05,395.0,0.87,18.0,0.0,0.45,9.11,0.045,58.0,0.26,25.0,0.0,0.0,0.25,0.015,140.0,0.15,3.0,0.5,1.8917
678,7x24,2023-03-17 12:09:01+00:00,2030-06-01 00:00:00+00:00,15.2848,0.0221,138.0,0.44,26.5,0.025,23.0,0.51,0.0,25.0,25.0,0.085,6.0,6.0,4.65625,0.005,30.0,0.08,26.75,0.1,25.0,17.5,0.145,61.0,0.5,23.5,0.025,12.5,34.51,0.05,395.0,0.87,18.0,0.0,0.45,9.275,0.05,58.0,0.255,25.0,0.0,0.0,0.25,0.015,140.0,0.15,3.0,0.5,1.8917
679,7x24,2023-03-17 12:09:01+00:00,2030-07-01 00:00:00+00:00,15.2848,0.0221,138.0,0.44,26.5,0.025,23.0,0.51,0.0,25.0,25.0,0.085,6.0,6.0,4.69875,0.005,43.5,0.08,26.75,0.1,24.75,17.5,0.145,61.0,0.5,23.5,0.025,12.5,34.51,0.05,395.0,0.87,18.0,0.0,0.45,9.275,0.05,58.0,0.255,25.0,0.0,0.0,0.25,0.015,140.0,0.15,3.0,0.5,1.8917
680,7x24,2023-03-17 12:09:01+00:00,2030-08-01 00:00:00+00:00,15.2848,0.0221,138.0,0.44,26.5,0.025,23.0,0.51,0.0,25.0,25.0,0.085,6.0,6.0,4.69875,0.005,43.5,0.08,26.75,0.1,24.75,17.5,0.145,61.0,0.5,23.5,0.025,12.5,34.51,0.05,395.0,0.87,18.0,0.0,0.45,9.275,0.05,58.0,0.255,25.0,0.0,0.0,0.25,0.015,140.0,0.15,3.0,0.5,1.8917
681,7x24,2023-03-17 12:09:01+00:00,2030-09-01 00:00:00+00:00,15.2848,0.0221,138.0,0.44,26.5,0.025,23.0,0.51,0.0,25.0,25.0,0.085,6.0,6.0,4.69875,0.005,43.5,0.08,26.75,0.1,24.75,17.5,0.145,61.0,0.5,23.5,0.025,12.5,34.51,0.05,395.0,0.87,18.0,0.0,0.45,9.275,0.05,58.0,0.255,25.0,0.0,0.0,0.25,0.015,140.0,0.15,3.0,0.5,1.8917
682,7x24,2023-03-17 12:09:01+00:00,2030-10-01 00:00:00+00:00,15.2848,0.0221,138.0,0.44,26.5,0.025,23.0,0.51,0.0,25.0,25.0,0.085,6.0,6.0,4.69875,0.005,43.5,0.08,26.75,0.1,24.75,17.5,0.145,61.0,0.5,23.5,0.025,12.5,34.51,0.05,395.0,0.87,18.0,0.0,0.45,9.275,0.05,58.0,0.255,25.0,0.0,0.0,0.25,0.015,140.0,0.15,3.0,0.5,1.8917
683,7x24,2023-03-17 12:09:01+00:00,2030-11-01 00:00:00+00:00,15.2848,0.0221,138.0,0.44,26.5,0.025,23.0,0.51,0.0,25.0,25.0,0.085,6.0,6.0,4.69875,0.005,43.5,0.08,26.75,0.1,24.75,17.5,0.145,61.0,0.5,23.5,0.025,12.5,34.51,0.05,395.0,0.87,18.0,0.0,0.45,9.275,0.05,58.0,0.255,25.0,0.0,0.0,0.25,0.015,140.0,0.15,3.0,0.5,1.8917
684,7x24,2023-03-17 12:09:01+00:00,2030-12-01 00:00:00+00:00,15.2848,0.0221,138.0,0.44,26.5,0.025,23.0,0.51,0.0,25.0,25.0,0.085,6.0,6.0,4.69875,0.005,43.5,0.08,26.75,0.1,24.75,17.5,0.145,61.0,0.5,23.5,0.025,12.5,34.51,0.05,395.0,0.87,18.0,0.0,0.45,9.275,0.05,58.0,0.255,25.0,0.0,0.0,0.25,0.015,140.0,0.15,3.0,0.5,1.8917
200